  0.000 -90.000
 72.000 -90.000
144.000 -90.000
216.000 -90.000
288.000 -90.000
360.000 -90.000
 36.000 -72.000
108.000 -72.000
180.000 -72.000
252.000 -72.000
324.000 -72.000
  0.000 -54.000
 72.000 -54.000
144.000 -54.000
216.000 -54.000
288.000 -54.000
360.000 -54.000
 36.000 -36.000
108.000 -36.000
180.000 -36.000
252.000 -36.000
324.000 -36.000
  0.000 -18.000
 72.000 -18.000
144.000 -18.000
216.000 -18.000
288.000 -18.000
360.000 -18.000
 36.000   0.000
108.000   0.000
180.000   0.000
252.000   0.000
324.000   0.000
  0.000  18.000
 72.000  18.000
144.000  18.000
216.000  18.000
288.000  18.000
360.000  18.000
 36.000  36.000
108.000  36.000
180.000  36.000
252.000  36.000
324.000  36.000
  0.000  54.000
 72.000  54.000
144.000  54.000
216.000  54.000
288.000  54.000
360.000  54.000
 36.000  72.000
108.000  72.000
180.000  72.000
252.000  72.000
324.000  72.000
  0.000  90.000
 72.000  90.000
144.000  90.000
216.000  90.000
288.000  90.000
360.000  90.000
