0	-0.004086	-0.002724	-0.001362	0	0.001362	0.002724	0.004086
-0.450087	-8.5995651e-08	-7.1843111e-08	-5.6430178e-08	-3.9832631e-08	-2.319644e-08	-1.1646665e-08	-4.341703e-09
-0.448917942857143	-8.4621668e-08	-7.0675924e-08	-5.5714576e-08	-3.9573631e-08	-2.3326301e-08	-1.2099258e-08	-4.9980318e-09
-0.447748885714286	-8.3096786e-08	-6.9416757e-08	-5.4883397e-08	-3.9159406e-08	-2.3214389e-08	-1.2239215e-08	-5.3476592e-09
-0.446579828571429	-8.1647094e-08	-6.8187063e-08	-5.3911723e-08	-3.8462886e-08	-2.2773856e-08	-1.2053121e-08	-5.3958793e-09
-0.445410771428571	-8.0416008e-08	-6.7048092e-08	-5.2869279e-08	-3.7591928e-08	-2.2099929e-08	-1.1676049e-08	-5.2710951e-09
-0.444241714285714	-7.9393679e-08	-6.5986519e-08	-5.178449e-08	-3.6586805e-08	-2.1296412e-08	-1.1186992e-08	-5.1076157e-09
-0.443072657142857	-7.844433e-08	-6.490653e-08	-5.0602939e-08	-3.5409833e-08	-2.0323409e-08	-1.0512327e-08	-4.8087285e-09
-0.4419036	-7.7613151e-08	-6.3830335e-08	-4.933397e-08	-3.4145806e-08	-1.9254806e-08	-9.6675716e-09	-4.2917638e-09
-0.440734542857143	-7.7061671e-08	-6.2990544e-08	-4.8322338e-08	-3.314301e-08	-1.8415269e-08	-8.9549284e-09	-3.7794372e-09
-0.439565485714286	-7.6934256e-08	-6.2675809e-08	-4.7893465e-08	-3.2707263e-08	-1.8040692e-08	-8.6700798e-09	-3.5768335e-09
-0.438396428571429	-7.7263756e-08	-6.2957795e-08	-4.8055025e-08	-3.2818839e-08	-1.8165512e-08	-8.8590166e-09	-3.8121111e-09
-0.437227371428571	-7.801377e-08	-6.3699702e-08	-4.8704639e-08	-3.3409208e-08	-1.8743153e-08	-9.4478105e-09	-4.4363815e-09
-0.436058314285714	-7.8990567e-08	-6.4680648e-08	-4.9671467e-08	-3.4329091e-08	-1.9626386e-08	-1.0286741e-08	-5.2747628e-09
-0.434889257142857	-7.9842302e-08	-6.5648507e-08	-5.0772805e-08	-3.5417106e-08	-2.0641457e-08	-1.1234512e-08	-6.1841283e-09
-0.4337202	-8.0440053e-08	-6.6479636e-08	-5.1871211e-08	-3.6615369e-08	-2.1742412e-08	-1.2261081e-08	-7.195422e-09
-0.432551142857143	-8.0782968e-08	-6.721082e-08	-5.2926222e-08	-3.7857905e-08	-2.2943601e-08	-1.3403013e-08	-8.3503169e-09
-0.431382085714286	-8.1081453e-08	-6.7899919e-08	-5.3893309e-08	-3.8993026e-08	-2.4123519e-08	-1.4593933e-08	-9.607918e-09
-0.430213028571429	-8.1497291e-08	-6.8562805e-08	-5.4749393e-08	-3.9971066e-08	-2.5197467e-08	-1.5773571e-08	-1.0871257e-08
-0.429043971428571	-8.2000589e-08	-6.9227085e-08	-5.5510654e-08	-4.0842647e-08	-2.6208761e-08	-1.6925933e-08	-1.2129362e-08
-0.427874914285714	-8.2575596e-08	-6.9882383e-08	-5.6226288e-08	-4.1662428e-08	-2.7157837e-08	-1.8009866e-08	-1.3348839e-08
-0.426705857142857	-8.3213187e-08	-7.0548417e-08	-5.691837e-08	-4.2416904e-08	-2.8005337e-08	-1.8979138e-08	-1.4482356e-08
-0.4255368	-8.3915516e-08	-7.1233437e-08	-5.7580905e-08	-4.3107043e-08	-2.8766172e-08	-1.9833296e-08	-1.5487936e-08
-0.424367742857143	-8.4637612e-08	-7.19184e-08	-5.8211821e-08	-4.372593e-08	-2.942356e-08	-2.0539902e-08	-1.6337555e-08
-0.423198685714286	-8.5346734e-08	-7.2548602e-08	-5.8739818e-08	-4.4188603e-08	-2.9890437e-08	-2.1062435e-08	-1.6984973e-08
-0.422029628571429	-8.5932299e-08	-7.3032396e-08	-5.9118705e-08	-4.4484505e-08	-3.0164856e-08	-2.1433767e-08	-1.7491248e-08
-0.420860571428571	-8.6342077e-08	-7.3373862e-08	-5.9374411e-08	-4.4690452e-08	-3.0414544e-08	-2.1781181e-08	-1.7948379e-08
-0.419691514285714	-8.6649834e-08	-7.3603388e-08	-5.9558573e-08	-4.4912632e-08	-3.0740743e-08	-2.214526e-08	-1.8356312e-08
-0.418522457142857	-8.6844153e-08	-7.3688213e-08	-5.9666426e-08	-4.5094268e-08	-3.0997167e-08	-2.23868e-08	-1.8635534e-08
-0.4173534	-8.6891667e-08	-7.3618892e-08	-5.9606585e-08	-4.5077943e-08	-3.1007339e-08	-2.2362237e-08	-1.8672409e-08
-0.416184342857143	-8.6799531e-08	-7.3393991e-08	-5.9341481e-08	-4.4850438e-08	-3.0863866e-08	-2.2235287e-08	-1.8605084e-08
-0.415015285714286	-8.6627182e-08	-7.3034272e-08	-5.893213e-08	-4.4519982e-08	-3.0709739e-08	-2.2167082e-08	-1.8610441e-08
-0.413846228571429	-8.6366676e-08	-7.2541532e-08	-5.8399536e-08	-4.4096559e-08	-3.0499162e-08	-2.2091225e-08	-1.8646393e-08
-0.412677171428571	-8.5924661e-08	-7.1952272e-08	-5.7818845e-08	-4.3673893e-08	-3.0250263e-08	-2.1986233e-08	-1.8644169e-08
-0.411508114285714	-8.5331749e-08	-7.1396734e-08	-5.7351166e-08	-4.3375643e-08	-3.0065198e-08	-2.19037e-08	-1.8616934e-08
-0.410339057142857	-8.4657572e-08	-7.086701e-08	-5.7013587e-08	-4.3181046e-08	-2.9922013e-08	-2.1784592e-08	-1.8530548e-08
-0.40917	-8.3912717e-08	-7.0273252e-08	-5.6620014e-08	-4.2903284e-08	-2.9690975e-08	-2.1567821e-08	-1.836964e-08
-0.408000942857143	-8.3079257e-08	-6.9550239e-08	-5.604117e-08	-4.2456694e-08	-2.9367232e-08	-2.1354147e-08	-1.8197646e-08
-0.406831885714286	-8.2147942e-08	-6.8679917e-08	-5.5297125e-08	-4.188167e-08	-2.8981475e-08	-2.113031e-08	-1.8053573e-08
-0.405662828571429	-8.1110528e-08	-6.7662342e-08	-5.4391787e-08	-4.1142101e-08	-2.8456821e-08	-2.0797414e-08	-1.7860096e-08
-0.404493771428571	-7.998419e-08	-6.6563416e-08	-5.3369821e-08	-4.0274767e-08	-2.7783651e-08	-2.0354262e-08	-1.7630759e-08
-0.403324714285714	-7.8919129e-08	-6.5550772e-08	-5.2392846e-08	-3.9405265e-08	-2.7129694e-08	-1.9938929e-08	-1.7441096e-08
-0.402155657142857	-7.8051002e-08	-6.4722308e-08	-5.1585278e-08	-3.8679531e-08	-2.659705e-08	-1.9591267e-08	-1.7264759e-08
-0.4009866	-7.7316344e-08	-6.4047057e-08	-5.0957283e-08	-3.8136413e-08	-2.6176245e-08	-1.9220373e-08	-1.6973555e-08
-0.399817542857143	-7.6553938e-08	-6.3400741e-08	-5.0413384e-08	-3.7664879e-08	-2.5757577e-08	-1.8761469e-08	-1.6524401e-08
-0.398648485714286	-7.5682877e-08	-6.2691953e-08	-4.9815679e-08	-3.7121541e-08	-2.5224484e-08	-1.8235195e-08	-1.605933e-08
-0.397479428571429	-7.4698157e-08	-6.1898163e-08	-4.9121041e-08	-3.6485755e-08	-2.4641707e-08	-1.7758895e-08	-1.5670333e-08
-0.396310371428571	-7.3619745e-08	-6.097644e-08	-4.8335913e-08	-3.5797722e-08	-2.4074296e-08	-1.735998e-08	-1.5410631e-08
-0.395141314285714	-7.2463855e-08	-5.9948718e-08	-4.7431485e-08	-3.5026936e-08	-2.348264e-08	-1.6999371e-08	-1.5247647e-08
-0.393972257142857	-7.1297059e-08	-5.8861627e-08	-4.6416726e-08	-3.4155867e-08	-2.2835211e-08	-1.6643225e-08	-1.5145332e-08
-0.3928032	-7.0210255e-08	-5.7810929e-08	-4.5377259e-08	-3.3224449e-08	-2.2149614e-08	-1.6290048e-08	-1.5058916e-08
-0.391634142857143	-6.9220491e-08	-5.6831897e-08	-4.4375668e-08	-3.2323459e-08	-2.1453083e-08	-1.5917943e-08	-1.4997097e-08
-0.390465085714286	-6.823916e-08	-5.5908846e-08	-4.3470941e-08	-3.15238e-08	-2.0835218e-08	-1.5576049e-08	-1.4994963e-08
-0.389296028571429	-6.715446e-08	-5.4951006e-08	-4.2642327e-08	-3.0833924e-08	-2.0309725e-08	-1.5250169e-08	-1.4984719e-08
-0.388126971428571	-6.5871212e-08	-5.3842655e-08	-4.171163e-08	-3.005367e-08	-1.9684483e-08	-1.4847561e-08	-1.4876682e-08
-0.386957914285714	-6.4334422e-08	-5.2473776e-08	-4.0521499e-08	-2.9020255e-08	-1.8864446e-08	-1.4330337e-08	-1.4654425e-08
-0.385788857142857	-6.2556808e-08	-5.0835272e-08	-3.9077676e-08	-2.7775805e-08	-1.7864755e-08	-1.3657159e-08	-1.4306939e-08
-0.3846198	-6.0560993e-08	-4.898936e-08	-3.7437914e-08	-2.6353641e-08	-1.6704007e-08	-1.2828305e-08	-1.3730793e-08
-0.383450742857143	-5.8342767e-08	-4.6965141e-08	-3.5642159e-08	-2.4801558e-08	-1.5378889e-08	-1.1794623e-08	-1.2899352e-08
-0.382281685714286	-5.6012436e-08	-4.4827345e-08	-3.3738928e-08	-2.3151003e-08	-1.392177e-08	-1.0537881e-08	-1.1870981e-08
-0.381112628571429	-5.3676054e-08	-4.2661672e-08	-3.1794645e-08	-2.1425929e-08	-1.2343792e-08	-9.1018482e-09	-1.0639965e-08
-0.379943571428571	-5.1389435e-08	-4.05111e-08	-2.9825102e-08	-1.962573e-08	-1.0671103e-08	-7.581626e-09	-9.3053201e-09
-0.378774514285714	-4.9149406e-08	-3.8428002e-08	-2.7878176e-08	-1.7799707e-08	-8.9908685e-09	-6.0487992e-09	-7.9748164e-09
-0.377605457142857	-4.6913037e-08	-3.6375379e-08	-2.599651e-08	-1.6051976e-08	-7.3634756e-09	-4.5725366e-09	-6.6848793e-09
-0.3764364	-4.4705697e-08	-3.4322898e-08	-2.4163274e-08	-1.4404395e-08	-5.8735954e-09	-3.263152e-09	-5.5591802e-09
-0.375267342857143	-4.2552063e-08	-3.2347998e-08	-2.2393634e-08	-1.2881457e-08	-4.6223083e-09	-2.2213302e-09	-4.6661084e-09
-0.374098285714286	-4.0544499e-08	-3.0501162e-08	-2.07457e-08	-1.1525837e-08	-3.5806695e-09	-1.4225963e-09	-3.9598431e-09
-0.372929228571429	-3.8695731e-08	-2.878684e-08	-1.9217893e-08	-1.0269332e-08	-2.6266318e-09	-7.1432393e-10	-3.3406973e-09
-0.371760171428571	-3.6983153e-08	-2.719324e-08	-1.7765711e-08	-9.0608463e-09	-1.700029e-09	1.637878e-11	-2.6785751e-09
-0.370591114285714	-3.5518514e-08	-2.5811199e-08	-1.6428761e-08	-7.9059799e-09	-7.7951462e-10	7.9693957e-10	-1.9490167e-09
-0.369422057142857	-3.4330895e-08	-2.4644271e-08	-1.5255202e-08	-6.8381873e-09	1.212168e-10	1.5869837e-09	-1.2291861e-09
-0.368253	-3.3307632e-08	-2.3597932e-08	-1.4189699e-08	-5.827844e-09	1.0086807e-09	2.3908369e-09	-4.7351234e-10
-0.367083942857143	-3.2310254e-08	-2.2598858e-08	-1.3191707e-08	-4.8841291e-09	1.9095798e-09	3.2617375e-09	4.1068615e-10
-0.365914885714286	-3.1327325e-08	-2.1697838e-08	-1.2337089e-08	-4.088256e-09	2.6925822e-09	4.0759747e-09	1.279336e-09
-0.364745828571429	-3.042058e-08	-2.092885e-08	-1.1695307e-08	-3.543146e-09	3.1519758e-09	4.5663056e-09	1.8517897e-09
-0.363576771428571	-2.9581539e-08	-2.0241565e-08	-1.1186451e-08	-3.2102399e-09	3.3403429e-09	4.739368e-09	2.0851321e-09
-0.362407714285714	-2.8717178e-08	-1.9539879e-08	-1.0677055e-08	-2.9089118e-09	3.477395e-09	4.813058e-09	2.1756907e-09
-0.361238657142857	-2.7739649e-08	-1.8756937e-08	-1.0095934e-08	-2.533098e-09	3.6784347e-09	4.9126951e-09	2.2613509e-09
-0.3600696	-2.6643024e-08	-1.7916385e-08	-9.474606e-09	-2.0928845e-09	3.9634052e-09	5.1090274e-09	2.4002185e-09
-0.358900542857143	-2.5488601e-08	-1.7058372e-08	-8.850539e-09	-1.6186821e-09	4.3422328e-09	5.4374554e-09	2.640725e-09
-0.357731485714286	-2.4318002e-08	-1.6178941e-08	-8.2110994e-09	-1.1295412e-09	4.7467861e-09	5.8240794e-09	2.9358656e-09
-0.356562428571429	-2.3090893e-08	-1.5232533e-08	-7.5175288e-09	-6.2750677e-10	5.1008486e-09	6.1573977e-09	3.2224612e-09
-0.355393371428571	-2.1790504e-08	-1.4182112e-08	-6.7440937e-09	-1.1281513e-10	5.4166649e-09	6.4381722e-09	3.4674004e-09
-0.354224314285714	-2.0418101e-08	-1.3046763e-08	-5.9168261e-09	4.3684967e-10	5.7725886e-09	6.7278423e-09	3.6309031e-09
-0.353055257142857	-1.8915394e-08	-1.181796e-08	-5.005421e-09	1.1193498e-09	6.2799028e-09	7.0799899e-09	3.7639576e-09
-0.3518862	-1.7384316e-08	-1.0553275e-08	-4.0031733e-09	1.9110038e-09	6.8911521e-09	7.5212334e-09	3.9692774e-09
-0.350717142857143	-1.598813e-08	-9.3972874e-09	-3.0680942e-09	2.6445217e-09	7.4594322e-09	7.984144e-09	4.2230281e-09
-0.349548085714286	-1.47357e-08	-8.360951e-09	-2.2510727e-09	3.2947114e-09	7.9741929e-09	8.4303622e-09	4.5340229e-09
-0.348379028571429	-1.3524954e-08	-7.3465802e-09	-1.4696649e-09	3.9091042e-09	8.4930276e-09	8.9246681e-09	4.9623954e-09
-0.347209971428571	-1.2286311e-08	-6.3093739e-09	-6.6274458e-10	4.5545709e-09	9.0582795e-09	9.4523447e-09	5.4410383e-09
-0.346040914285714	-1.1014829e-08	-5.254559e-09	1.7612005e-10	5.233173e-09	9.6313961e-09	9.965289e-09	5.8714482e-09
-0.344871857142857	-9.7817221e-09	-4.208526e-09	1.0228125e-09	5.9188849e-09	1.0177934e-08	1.0428094e-08	6.2531589e-09
-0.3437028	-8.5828722e-09	-3.18754e-09	1.8558329e-09	6.6044596e-09	1.0741728e-08	1.0900114e-08	6.6593762e-09
-0.342533742857143	-7.3760806e-09	-2.16631e-09	2.7059814e-09	7.3237181e-09	1.1349353e-08	1.1420139e-08	7.0810651e-09
-0.341364685714286	-6.1459424e-09	-1.1137004e-09	3.5960774e-09	8.0993434e-09	1.2010247e-08	1.1984765e-08	7.5252462e-09
-0.340195628571429	-4.852335e-09	2.8569997e-11	4.5827391e-09	8.9819165e-09	1.2783415e-08	1.2621778e-08	8.0210549e-09
-0.339026571428571	-3.5099306e-09	1.2490416e-09	5.6701079e-09	9.9497326e-09	1.3640834e-08	1.3378192e-08	8.6264524e-09
-0.337857514285714	-2.214477e-09	2.4533391e-09	6.7391821e-09	1.0893478e-08	1.4462699e-08	1.411258e-08	9.269562e-09
-0.336688457142857	-1.1584875e-09	3.425779e-09	7.6277438e-09	1.1679892e-08	1.5129949e-08	1.4672575e-08	9.7782342e-09
-0.3355194	-5.2999588e-10	3.9336499e-09	8.1298861e-09	1.213808e-08	1.5502399e-08	1.4977397e-08	1.0029384e-08
-0.334350342857143	-3.2533992e-10	4.0208517e-09	8.1909182e-09	1.2202873e-08	1.5548233e-08	1.5011436e-08	1.0097549e-08
-0.333181285714286	-3.0934363e-10	3.9200114e-09	8.0143563e-09	1.202149e-08	1.53691e-08	1.4871679e-08	1.0057295e-08
-0.332012228571429	-2.9762745e-10	3.7798871e-09	7.7675431e-09	1.171149e-08	1.5031009e-08	1.4613017e-08	9.8997148e-09
-0.330843171428571	-2.2844666e-10	3.6726457e-09	7.4991915e-09	1.1380478e-08	1.4697357e-08	1.4307052e-08	9.6782147e-09
-0.329674114285714	-1.77256e-10	3.5389915e-09	7.2532247e-09	1.1123724e-08	1.4435316e-08	1.3989874e-08	9.4104218e-09
-0.328505057142857	-1.77785e-10	3.3633376e-09	7.0115309e-09	1.0903026e-08	1.4159724e-08	1.3638179e-08	9.0838954e-09
-0.327336	-1.9703653e-10	3.2145082e-09	6.8051222e-09	1.0733475e-08	1.3944511e-08	1.3324638e-08	8.7731094e-09
-0.326166942857143	-2.3402638e-10	3.1109519e-09	6.6622445e-09	1.0606017e-08	1.374304e-08	1.3018751e-08	8.4933296e-09
-0.324997885714286	-2.25423e-10	3.0556055e-09	6.5594894e-09	1.046921e-08	1.3507488e-08	1.2682292e-08	8.2053555e-09
-0.323828828571429	-7.4783159e-11	3.1265337e-09	6.5507049e-09	1.0424576e-08	1.3394569e-08	1.2418632e-08	7.9584197e-09
-0.322659771428571	2.2278356e-10	3.3150687e-09	6.6814856e-09	1.0565335e-08	1.3472341e-08	1.2306523e-08	7.8233997e-09
-0.321490714285714	5.8407096e-10	3.556506e-09	6.8745605e-09	1.0782733e-08	1.3634204e-08	1.2337344e-08	7.8860651e-09
-0.320321657142857	9.2085278e-10	3.7832337e-09	7.0660477e-09	1.0982316e-08	1.3755256e-08	1.2401749e-08	8.0867917e-09
-0.3191526	1.182897e-09	3.9666723e-09	7.2091497e-09	1.1074795e-08	1.3740117e-08	1.2355283e-08	8.187337e-09
-0.317983542857143	1.4171931e-09	4.1240638e-09	7.2773156e-09	1.1062907e-08	1.3631571e-08	1.219176e-08	8.1521483e-09
-0.316814485714286	1.6704025e-09	4.2881623e-09	7.315033e-09	1.1028686e-08	1.3534988e-08	1.2021477e-08	8.050316e-09
-0.315645428571429	1.8903021e-09	4.3828483e-09	7.3284356e-09	1.0987134e-08	1.3383e-08	1.1791722e-08	7.8893025e-09
-0.314476371428571	2.0553843e-09	4.4156367e-09	7.2797723e-09	1.0884303e-08	1.3192614e-08	1.1516932e-08	7.6689632e-09
-0.313307314285714	2.2405013e-09	4.4722213e-09	7.2076416e-09	1.0761253e-08	1.3062622e-08	1.1346725e-08	7.549759e-09
-0.312138257142857	2.4659474e-09	4.5388235e-09	7.1702169e-09	1.0682584e-08	1.2976797e-08	1.1278554e-08	7.5950748e-09
-0.3109692	2.6918587e-09	4.5989634e-09	7.1151605e-09	1.0593852e-08	1.2894549e-08	1.1258029e-08	7.7639566e-09
-0.309800142857143	2.8537064e-09	4.6162718e-09	7.0287398e-09	1.0481194e-08	1.281884e-08	1.1281967e-08	8.0026394e-09
-0.308631085714286	2.8892797e-09	4.5225494e-09	6.8637287e-09	1.0322767e-08	1.2727353e-08	1.1295247e-08	8.2305114e-09
-0.307462028571429	2.7922005e-09	4.2893396e-09	6.5955912e-09	1.0096096e-08	1.2569003e-08	1.1249301e-08	8.3518401e-09
-0.306292971428571	2.6136624e-09	3.9673917e-09	6.22126e-09	9.776131e-09	1.2341514e-08	1.1126e-08	8.3479312e-09
-0.305123914285714	2.3608067e-09	3.5866368e-09	5.7839937e-09	9.3824282e-09	1.2050618e-08	1.0944013e-08	8.2649656e-09
-0.303954857142857	2.0824455e-09	3.1910958e-09	5.3267466e-09	8.9580787e-09	1.172709e-08	1.0749964e-08	8.1512166e-09
-0.3027858	1.8477628e-09	2.8600844e-09	4.9328843e-09	8.5929797e-09	1.1462601e-08	1.0575607e-08	8.0049514e-09
-0.301616742857143	1.7132084e-09	2.6698732e-09	4.6912967e-09	8.364835e-09	1.1276814e-08	1.0442708e-08	7.8952072e-09
-0.300447685714286	1.6666206e-09	2.6155953e-09	4.6094919e-09	8.2753546e-09	1.1162203e-08	1.0343027e-08	7.8373814e-09
-0.299278628571429	1.6604841e-09	2.6208493e-09	4.6022106e-09	8.2414173e-09	1.1078064e-08	1.0264725e-08	7.7997893e-09
-0.298109571428571	1.6778154e-09	2.6487779e-09	4.6146744e-09	8.2148865e-09	1.1001607e-08	1.0223126e-08	7.7692235e-09
-0.296940514285714	1.7761863e-09	2.7061102e-09	4.6167625e-09	8.1767295e-09	1.0943292e-08	1.0221124e-08	7.7125115e-09
-0.295771457142857	1.9625774e-09	2.7925107e-09	4.6236415e-09	8.1378859e-09	1.0887986e-08	1.0188034e-08	7.6031563e-09
-0.2946024	2.1702624e-09	2.8770952e-09	4.6216324e-09	8.0656326e-09	1.075665e-08	1.0015142e-08	7.3685884e-09
-0.293433342857143	2.3371145e-09	2.9267524e-09	4.5836739e-09	7.9323224e-09	1.0492609e-08	9.6413517e-09	6.9311241e-09
-0.292264285714286	2.4527507e-09	2.969627e-09	4.5537867e-09	7.7746423e-09	1.0153107e-08	9.1520924e-09	6.3683774e-09
-0.291095228571429	2.5484133e-09	3.0430041e-09	4.5736286e-09	7.6727797e-09	9.861318e-09	8.7144363e-09	5.8610734e-09
-0.289926171428571	2.6367666e-09	3.1555196e-09	4.6422826e-09	7.63138e-09	9.6893178e-09	8.4470537e-09	5.5302221e-09
-0.288757114285714	2.7237086e-09	3.2687983e-09	4.7221445e-09	7.6213835e-09	9.5902939e-09	8.3010407e-09	5.3392406e-09
-0.287588057142857	2.8615006e-09	3.3429839e-09	4.7172595e-09	7.5484365e-09	9.4876835e-09	8.2088061e-09	5.2183275e-09
-0.286419	3.0383476e-09	3.3593923e-09	4.6171742e-09	7.4033601e-09	9.382326e-09	8.1466922e-09	5.122637e-09
-0.285249942857143	3.1564173e-09	3.3237986e-09	4.5028146e-09	7.2678294e-09	9.2795398e-09	8.0671381e-09	5.0001066e-09
-0.284080885714286	3.2172209e-09	3.2675522e-09	4.3923389e-09	7.1403705e-09	9.1740615e-09	7.9581266e-09	4.8244142e-09
-0.282911828571429	3.3213443e-09	3.270815e-09	4.313303e-09	7.0165576e-09	9.0699555e-09	7.8325595e-09	4.6288471e-09
-0.281742771428571	3.5629573e-09	3.3793941e-09	4.3082728e-09	6.9317165e-09	8.9539709e-09	7.6805646e-09	4.4323269e-09
-0.280573714285714	3.9074521e-09	3.5982863e-09	4.4010968e-09	6.913571e-09	8.8690841e-09	7.5364426e-09	4.2518429e-09
-0.279404657142857	4.2827626e-09	3.8975392e-09	4.6014348e-09	7.0170842e-09	8.8927941e-09	7.4794633e-09	4.1528492e-09
-0.2782356	4.64801e-09	4.2286832e-09	4.8981548e-09	7.2586053e-09	9.0360324e-09	7.5350792e-09	4.1548001e-09
-0.277066542857143	4.9769637e-09	4.5500914e-09	5.2315716e-09	7.5632371e-09	9.2617771e-09	7.6863067e-09	4.2164885e-09
-0.275897485714286	5.3077032e-09	4.8778936e-09	5.552439e-09	7.8714546e-09	9.539316e-09	7.9130951e-09	4.3426991e-09
-0.274728428571429	5.6752927e-09	5.2224651e-09	5.8695901e-09	8.1748039e-09	9.8239505e-09	8.1638101e-09	4.5163873e-09
-0.273559371428571	6.0837371e-09	5.5916867e-09	6.2008025e-09	8.4829681e-09	1.0109814e-08	8.3887297e-09	4.6770445e-09
-0.272390314285714	6.483309e-09	5.9726277e-09	6.5374164e-09	8.7987768e-09	1.0397684e-08	8.6061878e-09	4.8185749e-09
-0.271221257142857	6.8212196e-09	6.2725363e-09	6.8415593e-09	9.0877599e-09	1.0651229e-08	8.8029779e-09	4.9241629e-09
-0.2700522	7.0838588e-09	6.4985852e-09	7.0601773e-09	9.3013126e-09	1.0866757e-08	8.9646957e-09	4.9723021e-09
-0.268883142857143	7.2884005e-09	6.6713048e-09	7.2187443e-09	9.4568655e-09	1.1032755e-08	9.1019308e-09	5.0147038e-09
-0.267714085714286	7.4744024e-09	6.8051977e-09	7.3471518e-09	9.5860893e-09	1.1170333e-08	9.2090673e-09	5.0344764e-09
-0.266545028571429	7.654255e-09	6.961598e-09	7.4746289e-09	9.706989e-09	1.1284298e-08	9.2722363e-09	5.0175517e-09
-0.265375971428571	7.8756051e-09	7.1470661e-09	7.620371e-09	9.809999e-09	1.1349825e-08	9.2722798e-09	4.9388293e-09
-0.264206914285714	8.1491311e-09	7.3392323e-09	7.7603142e-09	9.889968e-09	1.1359786e-08	9.2073815e-09	4.7792579e-09
-0.263037857142857	8.4483913e-09	7.5708124e-09	7.9361842e-09	9.9905737e-09	1.1376796e-08	9.1393391e-09	4.5891841e-09
-0.2618688	8.7813357e-09	7.8701952e-09	8.18088e-09	1.0152467e-08	1.1475313e-08	9.1594101e-09	4.4603974e-09
-0.260699742857143	9.094367e-09	8.1761238e-09	8.466559e-09	1.0390517e-08	1.1659225e-08	9.2253485e-09	4.3161688e-09
-0.259530685714286	9.3727683e-09	8.4531671e-09	8.7517282e-09	1.0655346e-08	1.1869213e-08	9.2419246e-09	4.1758312e-09
-0.258361628571429	9.636171e-09	8.7253591e-09	9.0244159e-09	1.0910632e-08	1.205649e-08	9.3151344e-09	4.1489576e-09
-0.257192571428571	9.9253681e-09	8.9998693e-09	9.2913881e-09	1.1165564e-08	1.2270004e-08	9.4781791e-09	4.2168495e-09
-0.256023514285714	1.0239567e-08	9.2927284e-09	9.57069e-09	1.1437313e-08	1.2520557e-08	9.6944692e-09	4.3488506e-09
-0.254854457142857	1.0586549e-08	9.6305328e-09	9.8860493e-09	1.1744699e-08	1.2813066e-08	9.9516999e-09	4.5162598e-09
-0.2536854	1.0982215e-08	1.0023109e-08	1.0270171e-08	1.2114493e-08	1.3170149e-08	1.028575e-08	4.7603064e-09
-0.252516342857143	1.1427708e-08	1.0501004e-08	1.0751865e-08	1.2558949e-08	1.3575939e-08	1.0669491e-08	5.0768545e-09
-0.251347285714286	1.1932938e-08	1.1058236e-08	1.13043e-08	1.3052919e-08	1.4004311e-08	1.1067109e-08	5.424539e-09
-0.250178228571429	1.2478942e-08	1.1644217e-08	1.1887312e-08	1.3583472e-08	1.4478438e-08	1.1514015e-08	5.8203038e-09
-0.249009171428571	1.3019222e-08	1.2218914e-08	1.249068e-08	1.4173787e-08	1.5033283e-08	1.2053997e-08	6.2779959e-09
-0.247840114285714	1.3564599e-08	1.2799241e-08	1.3097154e-08	1.4800286e-08	1.5667435e-08	1.2694825e-08	6.8031403e-09
-0.246671057142857	1.4176299e-08	1.3406233e-08	1.3706992e-08	1.5426284e-08	1.6336431e-08	1.3385421e-08	7.3456712e-09
-0.245502	1.483588e-08	1.40276e-08	1.4316281e-08	1.6055729e-08	1.7001545e-08	1.4047443e-08	7.8300282e-09
-0.244332942857143	1.5492692e-08	1.4632035e-08	1.4924264e-08	1.669027e-08	1.7627192e-08	1.4622537e-08	8.2591409e-09
-0.243163885714286	1.613169e-08	1.5234184e-08	1.5535475e-08	1.7291525e-08	1.8201368e-08	1.5151862e-08	8.6636343e-09
-0.241994828571429	1.6793148e-08	1.589024e-08	1.6178676e-08	1.7874394e-08	1.8742016e-08	1.5638248e-08	9.009403e-09
-0.240825771428571	1.7516001e-08	1.6630992e-08	1.6876314e-08	1.8493143e-08	1.9269807e-08	1.6033182e-08	9.2570733e-09
-0.239656714285714	1.8257071e-08	1.7400847e-08	1.7633237e-08	1.9178465e-08	1.9787519e-08	1.6326078e-08	9.3966133e-09
-0.238487657142857	1.8943036e-08	1.8097774e-08	1.8380923e-08	1.9852962e-08	2.0227887e-08	1.6518483e-08	9.4366115e-09
-0.2373186	1.9512262e-08	1.8718783e-08	1.9044764e-08	2.0404322e-08	2.0562799e-08	1.664538e-08	9.4121635e-09
-0.236149542857143	2.001457e-08	1.9259923e-08	1.9578627e-08	2.0822272e-08	2.0807326e-08	1.671272e-08	9.3350669e-09
-0.234980485714286	2.0460568e-08	1.9715916e-08	1.9989651e-08	2.1111706e-08	2.0929416e-08	1.6710414e-08	9.2094004e-09
-0.233811428571429	2.09211e-08	2.0138231e-08	2.0298303e-08	2.1281588e-08	2.0974413e-08	1.6663163e-08	9.0562295e-09
-0.232642371428571	2.1469122e-08	2.0581389e-08	2.0576346e-08	2.1409559e-08	2.099188e-08	1.658692e-08	8.8765697e-09
-0.231473314285714	2.2084949e-08	2.1059993e-08	2.0870747e-08	2.1518543e-08	2.0956875e-08	1.6443577e-08	8.6281169e-09
-0.230304257142857	2.2721101e-08	2.1560954e-08	2.1142894e-08	2.1580592e-08	2.0875703e-08	1.6225611e-08	8.3219689e-09
-0.2291352	2.3318281e-08	2.1987578e-08	2.135198e-08	2.1593694e-08	2.0727414e-08	1.5942449e-08	7.9816882e-09
-0.227966142857143	2.382378e-08	2.2254314e-08	2.1431378e-08	2.1500362e-08	2.0476154e-08	1.5585599e-08	7.5719795e-09
-0.226797085714286	2.4227877e-08	2.2435129e-08	2.1420931e-08	2.1323176e-08	2.0165796e-08	1.5170174e-08	7.091058e-09
-0.225628028571429	2.4579236e-08	2.261366e-08	2.141512e-08	2.1140714e-08	1.9825521e-08	1.4709127e-08	6.5686403e-09
-0.224458971428571	2.4875339e-08	2.27757e-08	2.1417248e-08	2.0956836e-08	1.9443272e-08	1.4182667e-08	6.0037419e-09
-0.223289914285714	2.5100547e-08	2.2870635e-08	2.1382293e-08	2.0743698e-08	1.8994758e-08	1.3588357e-08	5.392617e-09
-0.222120857142857	2.5264821e-08	2.2902158e-08	2.1279066e-08	2.048075e-08	1.8549871e-08	1.302136e-08	4.8038316e-09
-0.2209518	2.5411785e-08	2.2895115e-08	2.1128979e-08	2.0190814e-08	1.8136211e-08	1.251794e-08	4.2684434e-09
-0.219782742857143	2.5576728e-08	2.2912086e-08	2.0996001e-08	1.9925979e-08	1.7772225e-08	1.2045991e-08	3.7259911e-09
-0.218613685714286	2.5763182e-08	2.2970251e-08	2.0936781e-08	1.9755827e-08	1.7474958e-08	1.1595038e-08	3.1849272e-09
-0.217444628571429	2.5949902e-08	2.3042203e-08	2.090691e-08	1.9623608e-08	1.7198696e-08	1.1160313e-08	2.6423983e-09
-0.216275571428571	2.6120613e-08	2.3113884e-08	2.0860259e-08	1.9482689e-08	1.695488e-08	1.0796326e-08	2.2020881e-09
-0.215106514285714	2.6194959e-08	2.3117575e-08	2.0802419e-08	1.9349363e-08	1.6724005e-08	1.0492452e-08	1.8655912e-09
-0.213937457142857	2.6129429e-08	2.3009823e-08	2.0670964e-08	1.9149974e-08	1.6412555e-08	1.0128208e-08	1.4860492e-09
-0.2127684	2.6025109e-08	2.2890999e-08	2.0493241e-08	1.8895836e-08	1.6070427e-08	9.7258157e-09	1.0641181e-09
-0.211599342857143	2.5975073e-08	2.2856955e-08	2.0401593e-08	1.8720739e-08	1.5821684e-08	9.394598e-09	7.0001038e-10
-0.210430285714286	2.5986447e-08	2.2890232e-08	2.0424359e-08	1.8677211e-08	1.567982e-08	9.1776453e-09	4.3822804e-10
-0.209261228571429	2.6046449e-08	2.2944382e-08	2.0496964e-08	1.8712578e-08	1.5632615e-08	9.0692227e-09	2.7847358e-10
-0.208092171428571	2.6110044e-08	2.2985663e-08	2.0548438e-08	1.873738e-08	1.5611564e-08	8.9947489e-09	1.3699916e-10
-0.206923114285714	2.6149616e-08	2.2963512e-08	2.0509411e-08	1.8666942e-08	1.5501543e-08	8.8241228e-09	-1.2435596e-10
-0.205754057142857	2.6144981e-08	2.2903802e-08	2.0421211e-08	1.8543785e-08	1.5337006e-08	8.5734184e-09	-4.4483886e-10
-0.204585	2.6155027e-08	2.286926e-08	2.0380179e-08	1.8474683e-08	1.5194335e-08	8.3149088e-09	-7.7608686e-10
-0.203415942857143	2.6216014e-08	2.2896518e-08	2.0404469e-08	1.8480137e-08	1.5111056e-08	8.0855891e-09	-1.1007507e-09
-0.202246885714286	2.6291481e-08	2.2947738e-08	2.0478385e-08	1.8541252e-08	1.5074448e-08	7.9100424e-09	-1.3698724e-09
-0.201077828571429	2.635575e-08	2.299932e-08	2.0559195e-08	1.8574195e-08	1.4988492e-08	7.7247826e-09	-1.6072484e-09
-0.199908771428571	2.6419521e-08	2.3047955e-08	2.0604871e-08	1.8550839e-08	1.4859904e-08	7.5386835e-09	-1.8094528e-09
-0.198739714285714	2.6546829e-08	2.311937e-08	2.0626702e-08	1.8500252e-08	1.4746591e-08	7.4059376e-09	-1.9583584e-09
-0.197570657142857	2.6743734e-08	2.3245084e-08	2.0666036e-08	1.8467778e-08	1.4680563e-08	7.3351041e-09	-2.0694373e-09
-0.1964016	2.7035114e-08	2.3431706e-08	2.0736408e-08	1.8474545e-08	1.4673198e-08	7.3049038e-09	-2.1512878e-09
-0.195232542857143	2.7407005e-08	2.3684777e-08	2.0854134e-08	1.8523766e-08	1.4721725e-08	7.3284152e-09	-2.1806101e-09
-0.194063485714286	2.7791829e-08	2.3965827e-08	2.0994184e-08	1.8608267e-08	1.4812422e-08	7.3938731e-09	-2.1136877e-09
-0.192894428571429	2.8142544e-08	2.4163867e-08	2.1056156e-08	1.8603863e-08	1.4792239e-08	7.3997604e-09	-2.0849429e-09
-0.191725371428571	2.8427063e-08	2.427932e-08	2.100399e-08	1.8454079e-08	1.4619942e-08	7.2804265e-09	-2.1652447e-09
-0.190556314285714	2.8681105e-08	2.4381368e-08	2.0922544e-08	1.8273489e-08	1.445941e-08	7.1710868e-09	-2.2324356e-09
-0.189387257142857	2.8943974e-08	2.4504299e-08	2.0876774e-08	1.8159451e-08	1.4383426e-08	7.1333877e-09	-2.2331819e-09
-0.1882182	2.9222184e-08	2.4637208e-08	2.0879677e-08	1.8132461e-08	1.4393455e-08	7.1744846e-09	-2.1635511e-09
-0.187049142857143	2.950849e-08	2.4791692e-08	2.0943137e-08	1.8181547e-08	1.4466306e-08	7.2940267e-09	-1.9896416e-09
-0.185880085714286	2.9806216e-08	2.4984766e-08	2.1070276e-08	1.8302455e-08	1.4620387e-08	7.4995299e-09	-1.7239274e-09
-0.184711028571429	3.0128007e-08	2.5218476e-08	2.1248306e-08	1.849781e-08	1.4887222e-08	7.8054736e-09	-1.4011838e-09
-0.183541971428571	3.0429234e-08	2.5423834e-08	2.1411726e-08	1.8691747e-08	1.5160124e-08	8.1127602e-09	-1.0768189e-09
-0.182372914285714	3.0690568e-08	2.5562555e-08	2.1475877e-08	1.8765268e-08	1.5314997e-08	8.3347658e-09	-8.0070983e-10
-0.181203857142857	3.0901358e-08	2.5665916e-08	2.1484023e-08	1.8757897e-08	1.5372994e-08	8.4635925e-09	-5.9041194e-10
-0.1800348	3.1017073e-08	2.5728299e-08	2.1501219e-08	1.873638e-08	1.5339223e-08	8.4581737e-09	-5.4217769e-10
-0.178865742857143	3.1049357e-08	2.5750163e-08	2.150702e-08	1.8694163e-08	1.5231517e-08	8.356837e-09	-6.3502237e-10
-0.177696685714286	3.102658e-08	2.5765747e-08	2.151004e-08	1.8643394e-08	1.5120415e-08	8.2211074e-09	-7.9252233e-10
-0.176527628571429	3.0973776e-08	2.5746084e-08	2.1489051e-08	1.8560842e-08	1.4968389e-08	8.0014235e-09	-1.0467515e-09
-0.175358571428571	3.0863529e-08	2.5657213e-08	2.1406176e-08	1.8422366e-08	1.471696e-08	7.6535747e-09	-1.4116146e-09
-0.174189514285714	3.0675935e-08	2.5492318e-08	2.128389e-08	1.8249093e-08	1.4409271e-08	7.2469866e-09	-1.8227385e-09
-0.173020457142857	3.0440717e-08	2.5258535e-08	2.1097906e-08	1.8051519e-08	1.4102559e-08	6.8531087e-09	-2.2261606e-09
-0.1718514	3.0164941e-08	2.4993417e-08	2.0843316e-08	1.7776522e-08	1.3788799e-08	6.4813332e-09	-2.647546e-09
-0.170682342857143	2.994809e-08	2.4752609e-08	2.0557511e-08	1.7469269e-08	1.345636e-08	6.060112e-09	-3.0872154e-09
-0.169513285714286	2.9790014e-08	2.4544805e-08	2.0327285e-08	1.7190146e-08	1.3081243e-08	5.5810219e-09	-3.5570933e-09
-0.168344228571429	2.9698198e-08	2.4393e-08	2.0119584e-08	1.6896303e-08	1.2666201e-08	5.1012825e-09	-3.9858756e-09
-0.167175171428571	2.9601738e-08	2.4246887e-08	1.9899201e-08	1.6568016e-08	1.2242874e-08	4.6856727e-09	-4.3177186e-09
-0.166006114285714	2.9383672e-08	2.4013731e-08	1.9628615e-08	1.6192983e-08	1.1810063e-08	4.3060577e-09	-4.6415622e-09
-0.164837057142857	2.9045564e-08	2.3690744e-08	1.927849e-08	1.5798136e-08	1.1401004e-08	3.9236396e-09	-5.0175721e-09
-0.163668	2.8637398e-08	2.3299821e-08	1.8869919e-08	1.5418182e-08	1.1050163e-08	3.5638617e-09	-5.4140776e-09
-0.162498942857143	2.8164015e-08	2.2846015e-08	1.8458143e-08	1.5101163e-08	1.0781438e-08	3.2486926e-09	-5.7701599e-09
-0.161329885714286	2.7666186e-08	2.2429026e-08	1.8120723e-08	1.4871973e-08	1.058697e-08	3.0082612e-09	-6.0389418e-09
-0.160160828571429	2.727961e-08	2.2112458e-08	1.7863945e-08	1.4699593e-08	1.0438209e-08	2.8260647e-09	-6.235199e-09
-0.158991771428571	2.7033307e-08	2.1862844e-08	1.7629942e-08	1.4525159e-08	1.0296461e-08	2.6336642e-09	-6.4212178e-09
-0.157822714285714	2.6779757e-08	2.1614481e-08	1.7408121e-08	1.435628e-08	1.0126596e-08	2.3922486e-09	-6.6727956e-09
-0.156653657142857	2.6418563e-08	2.1306336e-08	1.7197678e-08	1.4205407e-08	9.9320143e-09	2.1045721e-09	-6.9952817e-09
-0.1554846	2.5966399e-08	2.0951452e-08	1.6973722e-08	1.4028661e-08	9.6664019e-09	1.735589e-09	-7.4050894e-09
-0.154315542857143	2.5521997e-08	2.0590997e-08	1.6696772e-08	1.376314e-08	9.305742e-09	1.2928718e-09	-7.8688061e-09
-0.153146485714286	2.5134941e-08	2.0242318e-08	1.6389878e-08	1.3440063e-08	8.9111367e-09	8.5129898e-10	-8.2857587e-09
-0.151977428571429	2.4760823e-08	1.9890836e-08	1.6063199e-08	1.3091329e-08	8.5105292e-09	3.9710332e-10	-8.6790992e-09
-0.150808371428571	2.4333643e-08	1.9465586e-08	1.5662515e-08	1.2677919e-08	8.040808e-09	-1.6717691e-10	-9.2090167e-09
-0.149639314285714	2.3808678e-08	1.8915337e-08	1.5143417e-08	1.2161202e-08	7.4508737e-09	-8.8350716e-10	-9.9390487e-09
-0.148470257142857	2.3226804e-08	1.8295749e-08	1.4524198e-08	1.1572324e-08	6.7799424e-09	-1.7273932e-09	-1.0802139e-08
-0.1473012	2.2693881e-08	1.7695283e-08	1.38985e-08	1.0977037e-08	6.083853e-09	-2.6330582e-09	-1.1699369e-08
-0.146132142857143	2.2248619e-08	1.7181518e-08	1.3348564e-08	1.0422435e-08	5.4147602e-09	-3.5027661e-09	-1.2556248e-08
-0.144963085714286	2.1928997e-08	1.6824222e-08	1.2961873e-08	9.9652837e-09	4.8050852e-09	-4.2784261e-09	-1.3343924e-08
-0.143794028571429	2.1783663e-08	1.665201e-08	1.2749239e-08	9.640921e-09	4.2909414e-09	-4.9540767e-09	-1.4026438e-08
-0.142624971428571	2.1796547e-08	1.6586114e-08	1.2607971e-08	9.3780086e-09	3.8470569e-09	-5.5746274e-09	-1.4663007e-08
-0.141455914285714	2.1922054e-08	1.6588046e-08	1.246938e-08	9.1347436e-09	3.4651153e-09	-6.1121739e-09	-1.5251388e-08
-0.140286857142857	2.2085711e-08	1.6627489e-08	1.2395541e-08	9.0071888e-09	3.253664e-09	-6.4543437e-09	-1.5668265e-08
-0.1391178	2.2235207e-08	1.6710983e-08	1.2423927e-08	9.049872e-09	3.265926e-09	-6.5590138e-09	-1.5868538e-08
-0.137948742857143	2.2320187e-08	1.6821872e-08	1.2547582e-08	9.2549985e-09	3.483319e-09	-6.4720722e-09	-1.5874617e-08
-0.136779685714286	2.2331561e-08	1.6883378e-08	1.270542e-08	9.5423873e-09	3.789423e-09	-6.3156298e-09	-1.5826647e-08
-0.135610628571429	2.2253449e-08	1.6890137e-08	1.2832714e-08	9.7887334e-09	4.0116039e-09	-6.2481962e-09	-1.5884256e-08
-0.134441571428571	2.2145024e-08	1.6904499e-08	1.2936216e-08	9.9644595e-09	4.1170125e-09	-6.3292078e-09	-1.6087769e-08
-0.133272514285714	2.2081782e-08	1.6937426e-08	1.3037965e-08	1.0104685e-08	4.1447352e-09	-6.5139982e-09	-1.6397777e-08
-0.132103457142857	2.2065979e-08	1.6990594e-08	1.3133956e-08	1.0201629e-08	4.0948902e-09	-6.8080754e-09	-1.6819721e-08
-0.1309344	2.2133069e-08	1.7100064e-08	1.3232229e-08	1.0267022e-08	3.9837613e-09	-7.2222019e-09	-1.7370926e-08
-0.129765342857143	2.2276094e-08	1.7283167e-08	1.3383585e-08	1.0374399e-08	3.8754444e-09	-7.708624e-09	-1.8021288e-08
-0.128596285714286	2.2486359e-08	1.7509697e-08	1.358678e-08	1.0507487e-08	3.7443648e-09	-8.2422345e-09	-1.8740836e-08
-0.127427228571429	2.2669155e-08	1.7719296e-08	1.3760862e-08	1.0593694e-08	3.5618977e-09	-8.7966949e-09	-1.9469015e-08
-0.126258171428571	2.2795245e-08	1.7895003e-08	1.3893884e-08	1.0631609e-08	3.371206e-09	-9.3169197e-09	-2.0152287e-08
-0.125089114285714	2.2857995e-08	1.8015804e-08	1.396706e-08	1.0625804e-08	3.1833223e-09	-9.8048218e-09	-2.0788317e-08
-0.123920057142857	2.2774715e-08	1.8014594e-08	1.3945274e-08	1.0564282e-08	2.9773031e-09	-1.026923e-08	-2.1381435e-08
-0.122751	2.253908e-08	1.7859724e-08	1.3816733e-08	1.0447298e-08	2.7777307e-09	-1.0650049e-08	-2.1895019e-08
-0.121581942857143	2.2224807e-08	1.7584103e-08	1.3588008e-08	1.0291408e-08	2.6120368e-09	-1.0935715e-08	-2.2334959e-08
-0.120412885714286	2.1887669e-08	1.7278678e-08	1.3342324e-08	1.0135986e-08	2.4537969e-09	-1.1191776e-08	-2.2743317e-08
-0.119243828571429	2.1564082e-08	1.7021067e-08	1.316242e-08	1.0036231e-08	2.3367097e-09	-1.1467016e-08	-2.3172987e-08
-0.118074771428571	2.134845e-08	1.6870244e-08	1.3091354e-08	1.0046405e-08	2.2538442e-09	-1.1793222e-08	-2.363695e-08
-0.116905714285714	2.1242954e-08	1.6870807e-08	1.3173813e-08	1.0126548e-08	2.1202737e-09	-1.2201809e-08	-2.4173579e-08
-0.115736657142857	2.1186956e-08	1.6936609e-08	1.332757e-08	1.0186823e-08	1.8863999e-09	-1.2736412e-08	-2.4830179e-08
-0.1145676	2.1104006e-08	1.6933871e-08	1.3399013e-08	1.0151206e-08	1.5459661e-09	-1.3428068e-08	-2.5643917e-08
-0.113398542857143	2.097747e-08	1.6821359e-08	1.3314876e-08	1.0010216e-08	1.1232112e-09	-1.4212317e-08	-2.6519611e-08
-0.112229485714286	2.0814742e-08	1.6650686e-08	1.3137559e-08	9.7896784e-09	6.8673855e-10	-1.4960449e-08	-2.7321432e-08
-0.111060428571429	2.0652152e-08	1.6484163e-08	1.2938678e-08	9.537982e-09	2.7389804e-10	-1.5623357e-08	-2.8010088e-08
-0.109891371428571	2.0516289e-08	1.6339172e-08	1.2756279e-08	9.2718127e-09	-1.3203411e-10	-1.6186663e-08	-2.8570952e-08
-0.108722314285714	2.0373507e-08	1.6157594e-08	1.2526868e-08	8.9263672e-09	-5.8693933e-10	-1.6709739e-08	-2.9072023e-08
-0.107553257142857	2.0156737e-08	1.5891295e-08	1.2182185e-08	8.4547569e-09	-1.1292582e-09	-1.7258825e-08	-2.9623648e-08
-0.1063842	1.984475e-08	1.5527585e-08	1.1739216e-08	7.9280431e-09	-1.6834143e-09	-1.7793207e-08	-3.0174537e-08
-0.105215142857143	1.9487418e-08	1.5126153e-08	1.1276548e-08	7.4399464e-09	-2.1663613e-09	-1.8276006e-08	-3.0684987e-08
-0.104046085714286	1.9158396e-08	1.4764293e-08	1.086933e-08	7.0457142e-09	-2.528211e-09	-1.8661913e-08	-3.1103674e-08
-0.102877028571429	1.8879387e-08	1.4457997e-08	1.0572407e-08	6.8099673e-09	-2.7428322e-09	-1.8938092e-08	-3.142706e-08
-0.101707971428571	1.8582979e-08	1.4168218e-08	1.0342835e-08	6.6595245e-09	-2.8875526e-09	-1.9171434e-08	-3.1730803e-08
-0.100538914285714	1.8214484e-08	1.3830348e-08	1.0095127e-08	6.4909274e-09	-3.0612117e-09	-1.9446151e-08	-3.2093933e-08
-0.0993698571428572	1.7791024e-08	1.3465939e-08	9.8151585e-09	6.2709655e-09	-3.3026581e-09	-1.9763744e-08	-3.2483268e-08
-0.0982008	1.7368341e-08	1.312621e-08	9.5321626e-09	6.0233702e-09	-3.5596035e-09	-2.0048679e-08	-3.2798205e-08
-0.0970317428571429	1.6994738e-08	1.2795883e-08	9.2329246e-09	5.752661e-09	-3.7999355e-09	-2.0271454e-08	-3.3020747e-08
-0.0958626857142857	1.6633857e-08	1.2433983e-08	8.8844798e-09	5.4027138e-09	-4.0943071e-09	-2.0490685e-08	-3.3202422e-08
-0.0946936285714286	1.628301e-08	1.2050023e-08	8.4602787e-09	4.9759841e-09	-4.4471364e-09	-2.0746407e-08	-3.3412981e-08
-0.0935245714285715	1.5981037e-08	1.1686686e-08	8.0265341e-09	4.548983e-09	-4.8162283e-09	-2.1057328e-08	-3.3695279e-08
-0.0923555142857143	1.5684074e-08	1.134663e-08	7.6479756e-09	4.1423682e-09	-5.1837006e-09	-2.1372262e-08	-3.3989576e-08
-0.0911864571428572	1.537143e-08	1.1052769e-08	7.3362703e-09	3.8021253e-09	-5.4707328e-09	-2.1564752e-08	-3.4150737e-08
-0.0900174	1.5111786e-08	1.0857974e-08	7.1133637e-09	3.5481171e-09	-5.6503788e-09	-2.1594337e-08	-3.4123378e-08
-0.0888483428571429	1.492657e-08	1.0714531e-08	6.9523316e-09	3.3496779e-09	-5.7685279e-09	-2.1547706e-08	-3.4034308e-08
-0.0876792857142857	1.4760412e-08	1.0558648e-08	6.7960024e-09	3.1684431e-09	-5.8776104e-09	-2.1493975e-08	-3.396935e-08
-0.0865102285714286	1.460642e-08	1.0399965e-08	6.6449037e-09	3.0270562e-09	-5.9462293e-09	-2.1426899e-08	-3.38792e-08
-0.0853411714285714	1.4505875e-08	1.0316124e-08	6.5605734e-09	2.9552609e-09	-5.9427738e-09	-2.1326684e-08	-3.3744747e-08
-0.0841721142857143	1.4485158e-08	1.0306123e-08	6.5713701e-09	2.9364633e-09	-5.9208518e-09	-2.119269e-08	-3.3554947e-08
-0.0830030571428572	1.4493189e-08	1.0325476e-08	6.6168466e-09	2.9383413e-09	-5.8916392e-09	-2.1023533e-08	-3.3335009e-08
-0.081834	1.4501018e-08	1.0343632e-08	6.64236e-09	2.945999e-09	-5.825318e-09	-2.080475e-08	-3.3104069e-08
-0.0806649428571429	1.4510984e-08	1.0351304e-08	6.6567547e-09	2.943036e-09	-5.7613785e-09	-2.056065e-08	-3.2830549e-08
-0.0794958857142857	1.4465116e-08	1.0364027e-08	6.6917636e-09	2.9012091e-09	-5.7488894e-09	-2.0313863e-08	-3.25246e-08
-0.0783268285714286	1.4322803e-08	1.0349797e-08	6.7320172e-09	2.8715739e-09	-5.7372422e-09	-2.0063215e-08	-3.217712e-08
-0.0771577714285714	1.4030022e-08	1.0252629e-08	6.7653549e-09	2.8958789e-09	-5.6743019e-09	-1.9786187e-08	-3.1747192e-08
-0.0759887142857143	1.3593565e-08	1.002902e-08	6.7111912e-09	2.9200118e-09	-5.5503961e-09	-1.9454315e-08	-3.1223649e-08
-0.0748196571428572	1.3113334e-08	9.707275e-09	6.5112489e-09	2.8729206e-09	-5.3838294e-09	-1.9043121e-08	-3.062075e-08
-0.0736506	1.2711576e-08	9.3421031e-09	6.1911591e-09	2.7282112e-09	-5.2376907e-09	-1.8603002e-08	-2.9968493e-08
-0.0724815428571429	1.2434412e-08	8.9892715e-09	5.8161449e-09	2.488991e-09	-5.1863194e-09	-1.8216713e-08	-2.9342971e-08
-0.0713124857142857	1.2238906e-08	8.6840197e-09	5.4652514e-09	2.2240081e-09	-5.2063354e-09	-1.7932758e-08	-2.8801367e-08
-0.0701434285714286	1.2057267e-08	8.4358183e-09	5.1942872e-09	2.039273e-09	-5.2043294e-09	-1.7727567e-08	-2.8352716e-08
-0.0689743714285714	1.1841474e-08	8.2125489e-09	5.0239315e-09	1.9883577e-09	-5.1261426e-09	-1.7531692e-08	-2.7967079e-08
-0.0678053142857143	1.1601771e-08	8.0197706e-09	4.9232365e-09	2.0038122e-09	-5.0186943e-09	-1.7347128e-08	-2.7616261e-08
-0.0666362571428571	1.1395086e-08	7.8719147e-09	4.8396078e-09	1.9784705e-09	-4.9570099e-09	-1.7162003e-08	-2.7245983e-08
-0.0654672	1.1213274e-08	7.6794908e-09	4.7222901e-09	1.895258e-09	-4.9471476e-09	-1.6976184e-08	-2.6853058e-08
-0.0642981428571429	1.0988525e-08	7.4805708e-09	4.5749506e-09	1.8061346e-09	-4.908522e-09	-1.6741385e-08	-2.6424072e-08
-0.0631290857142857	1.0798848e-08	7.4047017e-09	4.5252269e-09	1.8202044e-09	-4.7467017e-09	-1.6362199e-08	-2.5852874e-08
-0.0619600285714286	1.0751577e-08	7.4467068e-09	4.6335371e-09	1.9825459e-09	-4.4594746e-09	-1.5871652e-08	-2.5170337e-08
-0.0607909714285715	1.0709464e-08	7.4696267e-09	4.7498872e-09	2.1727058e-09	-4.1375223e-09	-1.5371088e-08	-2.4507131e-08
-0.0596219142857143	1.0527367e-08	7.3995405e-09	4.7701363e-09	2.3151918e-09	-3.8229917e-09	-1.4857934e-08	-2.3865159e-08
-0.0584528571428572	1.0269472e-08	7.2511157e-09	4.7236921e-09	2.4191551e-09	-3.5132504e-09	-1.4316081e-08	-2.3207122e-08
-0.0572838000000001	9.9855448e-09	7.0073254e-09	4.57965e-09	2.4374154e-09	-3.2521541e-09	-1.3806516e-08	-2.259357e-08
-0.0561147428571429	9.6738786e-09	6.6978707e-09	4.3198476e-09	2.3466495e-09	-3.0855976e-09	-1.3422913e-08	-2.2070429e-08
-0.0549456857142858	9.3479251e-09	6.3629053e-09	4.0099639e-09	2.1794202e-09	-3.0404226e-09	-1.3189895e-08	-2.1635815e-08
-0.0537766285714286	9.0008303e-09	5.9910858e-09	3.6696237e-09	1.9261237e-09	-3.1276863e-09	-1.3076276e-08	-2.1324432e-08
-0.0526075714285715	8.6309182e-09	5.5671316e-09	3.2659937e-09	1.5848375e-09	-3.3267684e-09	-1.3052644e-08	-2.1116996e-08
-0.0514385142857143	8.26528e-09	5.1246585e-09	2.8148859e-09	1.1679018e-09	-3.617163e-09	-1.3106384e-08	-2.0991907e-08
-0.0502694571428572	7.9315843e-09	4.7099045e-09	2.3552351e-09	6.8571582e-10	-3.9840575e-09	-1.3228086e-08	-2.0943594e-08
-0.0491004	7.658854e-09	4.3800932e-09	1.9487671e-09	1.9894829e-10	-4.3793102e-09	-1.3346631e-08	-2.0883069e-08
-0.0479313428571429	7.4713702e-09	4.1449009e-09	1.6055086e-09	-2.7854183e-10	-4.7645097e-09	-1.3421034e-08	-2.0719291e-08
-0.0467622857142858	7.3303288e-09	3.902398e-09	1.2617559e-09	-7.4501699e-10	-5.1473781e-09	-1.3489589e-08	-2.0500572e-08
-0.0455932285714286	7.1345219e-09	3.5724319e-09	8.3043705e-10	-1.259132e-09	-5.5595955e-09	-1.3565509e-08	-2.0314902e-08
-0.0444241714285715	6.8224253e-09	3.1659333e-09	3.2858244e-10	-1.8438248e-09	-5.997371e-09	-1.3645288e-08	-2.0187183e-08
-0.0432551142857143	6.4737598e-09	2.766223e-09	-1.6464904e-10	-2.4171418e-09	-6.4177978e-09	-1.3715045e-08	-2.0056925e-08
-0.0420860571428572	6.2048477e-09	2.4648001e-09	-5.8619276e-10	-2.9160783e-09	-6.7904296e-09	-1.3795741e-08	-1.987577e-08
-0.040917	6.0469376e-09	2.2348743e-09	-9.3269958e-10	-3.3429284e-09	-7.139588e-09	-1.3891133e-08	-1.9663123e-08
-0.0397479428571429	5.8758003e-09	1.9704103e-09	-1.2707111e-09	-3.7453738e-09	-7.4714537e-09	-1.3982526e-08	-1.9479183e-08
-0.0385788857142857	5.5522902e-09	1.6306403e-09	-1.621044e-09	-4.1153791e-09	-7.7469595e-09	-1.4052799e-08	-1.9352655e-08
-0.0374098285714286	5.1060272e-09	1.2378993e-09	-1.9628779e-09	-4.4042543e-09	-7.9472073e-09	-1.4098193e-08	-1.9246592e-08
-0.0362407714285715	4.6369144e-09	8.1754192e-10	-2.3064377e-09	-4.6593343e-09	-8.0969471e-09	-1.4077356e-08	-1.9074179e-08
-0.0350717142857143	4.2093276e-09	3.8594261e-10	-2.6844222e-09	-4.9465076e-09	-8.2357419e-09	-1.3967791e-08	-1.8757284e-08
-0.0339026571428572	3.8283821e-09	-4.9152883e-11	-3.0995708e-09	-5.2894493e-09	-8.3999403e-09	-1.3848097e-08	-1.8424752e-08
-0.0327336	3.471049e-09	-4.4741555e-10	-3.5188983e-09	-5.6755991e-09	-8.6176293e-09	-1.3822929e-08	-1.8227896e-08
-0.0315645428571429	3.0830174e-09	-8.2052604e-10	-3.8821981e-09	-6.045862e-09	-8.8937107e-09	-1.3907503e-08	-1.8202158e-08
-0.0303954857142857	2.631761e-09	-1.2024686e-09	-4.2083048e-09	-6.3834156e-09	-9.2017816e-09	-1.4081921e-08	-1.8305993e-08
-0.0292264285714286	2.1552571e-09	-1.5721676e-09	-4.5087476e-09	-6.706427e-09	-9.5321147e-09	-1.4301778e-08	-1.8443604e-08
-0.0280573714285715	1.7357903e-09	-1.8932496e-09	-4.764658e-09	-6.9916029e-09	-9.8197823e-09	-1.4475793e-08	-1.8552466e-08
-0.0268883142857143	1.4231371e-09	-2.1085431e-09	-4.9423079e-09	-7.1799113e-09	-9.9894679e-09	-1.4543766e-08	-1.8572571e-08
-0.0257192571428572	1.2109153e-09	-2.2271913e-09	-5.0289675e-09	-7.2498261e-09	-1.0002823e-08	-1.4482202e-08	-1.8477564e-08
-0.0245502	1.0264674e-09	-2.3534212e-09	-5.081787e-09	-7.2475701e-09	-9.9254702e-09	-1.4323157e-08	-1.8264823e-08
-0.0233811428571429	7.9340384e-10	-2.540939e-09	-5.1857314e-09	-7.2702098e-09	-9.8328989e-09	-1.4108118e-08	-1.7990862e-08
-0.0222120857142857	5.4665333e-10	-2.7279219e-09	-5.3227867e-09	-7.3125288e-09	-9.731747e-09	-1.3874526e-08	-1.7697653e-08
-0.0210430285714286	4.0029993e-10	-2.8257121e-09	-5.4098788e-09	-7.3135014e-09	-9.5776933e-09	-1.3612572e-08	-1.7384451e-08
-0.0198739714285714	3.8976689e-10	-2.8174589e-09	-5.4039351e-09	-7.2462703e-09	-9.3802353e-09	-1.3342073e-08	-1.705418e-08
-0.0187049142857143	4.6464682e-10	-2.7748694e-09	-5.3609388e-09	-7.1640303e-09	-9.2222816e-09	-1.3119216e-08	-1.6741524e-08
-0.0175358571428572	5.1644877e-10	-2.7755644e-09	-5.3582703e-09	-7.1446742e-09	-9.1752987e-09	-1.3003337e-08	-1.6528197e-08
-0.0163668	4.7849763e-10	-2.8368652e-09	-5.4156528e-09	-7.2207218e-09	-9.2548866e-09	-1.3011298e-08	-1.6422325e-08
-0.0151977428571429	3.892302e-10	-2.9113136e-09	-5.4941549e-09	-7.3360846e-09	-9.3779908e-09	-1.307087e-08	-1.6361348e-08
-0.0140286857142857	3.28923e-10	-2.9479164e-09	-5.539329e-09	-7.4066073e-09	-9.4378256e-09	-1.30686e-08	-1.6267235e-08
-0.0128596285714286	2.947789e-10	-2.9540983e-09	-5.5355662e-09	-7.398258e-09	-9.4198436e-09	-1.3005598e-08	-1.6147247e-08
-0.0116905714285714	2.5816477e-10	-2.9666916e-09	-5.4990945e-09	-7.3452586e-09	-9.3728225e-09	-1.2914263e-08	-1.6018459e-08
-0.0105215142857143	1.6871138e-10	-3.007818e-09	-5.4510587e-09	-7.2723849e-09	-9.3149479e-09	-1.2781882e-08	-1.5852059e-08
-0.00935245714285715	5.154515e-11	-3.059917e-09	-5.415862e-09	-7.1969879e-09	-9.2294785e-09	-1.2600643e-08	-1.5634352e-08
-0.00818340000000001	-4.6390228e-11	-3.0879972e-09	-5.3715121e-09	-7.1309723e-09	-9.1326235e-09	-1.2394134e-08	-1.5357378e-08
-0.00701434285714286	-1.1154019e-10	-3.0946306e-09	-5.3396207e-09	-7.0969124e-09	-9.0576533e-09	-1.2197867e-08	-1.5091279e-08
-0.00584528571428572	-1.820994e-10	-3.1222587e-09	-5.3602918e-09	-7.1276998e-09	-9.0429024e-09	-1.2063719e-08	-1.4873509e-08
-0.00467622857142858	-2.9755567e-10	-3.224796e-09	-5.4561329e-09	-7.2433628e-09	-9.1441326e-09	-1.2072642e-08	-1.4758132e-08
-0.00350717142857143	-4.7850934e-10	-3.3493095e-09	-5.601787e-09	-7.4226869e-09	-9.3183541e-09	-1.2192975e-08	-1.4740412e-08
-0.00233811428571429	-6.7581474e-10	-3.4403782e-09	-5.6988982e-09	-7.5357462e-09	-9.3983372e-09	-1.2258449e-08	-1.4732978e-08
-0.0011690571428572	-8.4459761e-10	-3.5293468e-09	-5.732296e-09	-7.5229494e-09	-9.361429e-09	-1.2214756e-08	-1.4673919e-08
-5.55111512312578e-17	-1.0408139e-09	-3.643321e-09	-5.7737362e-09	-7.4970696e-09	-9.3058805e-09	-1.2135286e-08	-1.4546016e-08
0.00116905714285709	-1.2644665e-09	-3.7819312e-09	-5.8407457e-09	-7.5068227e-09	-9.2790478e-09	-1.204922e-08	-1.4381893e-08
0.00233811428571423	-1.4862583e-09	-3.9252765e-09	-5.9014633e-09	-7.5116926e-09	-9.2539505e-09	-1.195259e-08	-1.418393e-08
0.00350717142857138	-1.6878077e-09	-4.0822128e-09	-5.9454455e-09	-7.4875492e-09	-9.2073407e-09	-1.1852403e-08	-1.3974477e-08
0.00467622857142852	-1.865361e-09	-4.2305661e-09	-5.9920642e-09	-7.4645863e-09	-9.1965724e-09	-1.1799673e-08	-1.3816387e-08
0.00584528571428566	-2.0061584e-09	-4.3354631e-09	-6.0138072e-09	-7.450903e-09	-9.2104377e-09	-1.1768468e-08	-1.3694679e-08
0.00701434285714281	-2.0574638e-09	-4.3501536e-09	-5.9705525e-09	-7.4010513e-09	-9.208259e-09	-1.1728906e-08	-1.3555514e-08
0.00818339999999995	-2.0360986e-09	-4.291278e-09	-5.8611378e-09	-7.3167885e-09	-9.196877e-09	-1.1652117e-08	-1.3343571e-08
0.0093524571428571	-2.0029978e-09	-4.2238031e-09	-5.7400298e-09	-7.2338362e-09	-9.1703773e-09	-1.1522619e-08	-1.3070716e-08
0.0105215142857142	-2.0393252e-09	-4.247537e-09	-5.6753979e-09	-7.1683322e-09	-9.1294226e-09	-1.1383656e-08	-1.2832834e-08
0.0116905714285714	-2.1881115e-09	-4.3658566e-09	-5.7011342e-09	-7.1543886e-09	-9.120062e-09	-1.1298602e-08	-1.2678606e-08
0.0128596285714285	-2.3905529e-09	-4.4733195e-09	-5.7532215e-09	-7.1740027e-09	-9.1460874e-09	-1.1266184e-08	-1.2588999e-08
0.0140286857142857	-2.5537579e-09	-4.5274073e-09	-5.7416432e-09	-7.1690001e-09	-9.1544292e-09	-1.1235506e-08	-1.2513113e-08
0.0151977428571428	-2.6684022e-09	-4.5856319e-09	-5.7453371e-09	-7.1717063e-09	-9.1408054e-09	-1.1182976e-08	-1.2426639e-08
0.0163668	-2.8102334e-09	-4.705643e-09	-5.8560801e-09	-7.2476984e-09	-9.1394154e-09	-1.1111212e-08	-1.2344635e-08
0.0175358571428571	-3.0554335e-09	-4.9046545e-09	-6.0538277e-09	-7.3963689e-09	-9.1747987e-09	-1.1072164e-08	-1.2305759e-08
0.0187049142857142	-3.4327678e-09	-5.2147606e-09	-6.3052257e-09	-7.5791773e-09	-9.2536085e-09	-1.1098575e-08	-1.2335811e-08
0.0198739714285714	-3.8921932e-09	-5.597089e-09	-6.6172356e-09	-7.7923925e-09	-9.3703703e-09	-1.1177638e-08	-1.2391618e-08
0.0210430285714285	-4.3327986e-09	-5.9736065e-09	-6.9231563e-09	-7.9980653e-09	-9.4855759e-09	-1.1238858e-08	-1.2420647e-08
0.0222120857142857	-4.6652526e-09	-6.2790244e-09	-7.1609674e-09	-8.1420248e-09	-9.5621449e-09	-1.125572e-08	-1.2383026e-08
0.0233811428571428	-4.8997322e-09	-6.5276051e-09	-7.358071e-09	-8.2772003e-09	-9.6507415e-09	-1.127671e-08	-1.2326329e-08
0.0245502	-5.1079851e-09	-6.7872801e-09	-7.5990512e-09	-8.5008764e-09	-9.8190815e-09	-1.1341664e-08	-1.2257443e-08
0.0257192571428571	-5.3315001e-09	-7.0475945e-09	-7.9029414e-09	-8.7856886e-09	-1.0008378e-08	-1.1402807e-08	-1.2135251e-08
0.0268883142857143	-5.5639049e-09	-7.2754722e-09	-8.1747515e-09	-9.0276906e-09	-1.017011e-08	-1.1432387e-08	-1.1991756e-08
0.0280573714285714	-5.812121e-09	-7.5257827e-09	-8.4222522e-09	-9.2720756e-09	-1.036608e-08	-1.151921e-08	-1.1930473e-08
0.0292264285714285	-6.1015495e-09	-7.8249673e-09	-8.7268397e-09	-9.603256e-09	-1.0671029e-08	-1.174074e-08	-1.201806e-08
0.0303954857142857	-6.3583081e-09	-8.0740898e-09	-9.0334682e-09	-9.9502646e-09	-1.1018351e-08	-1.2017884e-08	-1.2168929e-08
0.0315645428571428	-6.4517365e-09	-8.1747107e-09	-9.2051682e-09	-1.0187924e-08	-1.1303388e-08	-1.2254958e-08	-1.2285893e-08
0.0327336	-6.402149e-09	-8.1125284e-09	-9.2020667e-09	-1.0307988e-08	-1.1522236e-08	-1.2456938e-08	-1.2394114e-08
0.0339026571428571	-6.3109442e-09	-7.9898435e-09	-9.099594e-09	-1.0332484e-08	-1.1694789e-08	-1.2636509e-08	-1.2505983e-08
0.0350717142857143	-6.2464554e-09	-7.8862881e-09	-8.9877217e-09	-1.0326092e-08	-1.1814988e-08	-1.2779637e-08	-1.2626101e-08
0.0362407714285714	-6.2133476e-09	-7.8440605e-09	-8.9376906e-09	-1.0329e-08	-1.1898887e-08	-1.2907757e-08	-1.2766985e-08
0.0374098285714285	-6.2505849e-09	-7.8974347e-09	-8.9535295e-09	-1.0362761e-08	-1.2013019e-08	-1.3062184e-08	-1.295416e-08
0.0385788857142857	-6.3601768e-09	-8.0160278e-09	-9.0404919e-09	-1.0458884e-08	-1.2183421e-08	-1.3272651e-08	-1.323606e-08
0.0397479428571428	-6.465501e-09	-8.0804856e-09	-9.1122061e-09	-1.0573875e-08	-1.2357312e-08	-1.3515367e-08	-1.3543917e-08
0.040917	-6.4772983e-09	-8.0683709e-09	-9.1192218e-09	-1.0678639e-08	-1.256388e-08	-1.3792253e-08	-1.3833604e-08
0.0420860571428571	-6.381037e-09	-7.9833224e-09	-9.113676e-09	-1.0822236e-08	-1.2877219e-08	-1.4169011e-08	-1.4130681e-08
0.0432551142857143	-6.1929701e-09	-7.8411091e-09	-9.0679571e-09	-1.0934416e-08	-1.3156686e-08	-1.450205e-08	-1.4371166e-08
0.0444241714285714	-5.9134488e-09	-7.6558431e-09	-8.9416732e-09	-1.0921151e-08	-1.3282492e-08	-1.4668967e-08	-1.446592e-08
0.0455932285714286	-5.5860503e-09	-7.4306903e-09	-8.7618988e-09	-1.0803649e-08	-1.3258586e-08	-1.4672676e-08	-1.4419711e-08
0.0467622857142857	-5.221819e-09	-7.147769e-09	-8.5333385e-09	-1.0608389e-08	-1.3128773e-08	-1.4557417e-08	-1.4235121e-08
0.0479313428571428	-4.8656257e-09	-6.8690666e-09	-8.2781382e-09	-1.0383198e-08	-1.2953802e-08	-1.4358053e-08	-1.3941951e-08
0.0491004	-4.5999542e-09	-6.6152785e-09	-8.0435534e-09	-1.0194179e-08	-1.279314e-08	-1.413346e-08	-1.3612128e-08
0.0502694571428571	-4.3919974e-09	-6.3673933e-09	-7.7967659e-09	-9.9634283e-09	-1.2594221e-08	-1.3895719e-08	-1.3253569e-08
0.0514385142857142	-4.1533088e-09	-6.0744436e-09	-7.4638589e-09	-9.6331298e-09	-1.2305129e-08	-1.3611829e-08	-1.2879064e-08
0.0526075714285714	-3.8681329e-09	-5.7326273e-09	-7.0542177e-09	-9.2218198e-09	-1.1981141e-08	-1.3317422e-08	-1.2533363e-08
0.0537766285714285	-3.5756866e-09	-5.3998366e-09	-6.6406058e-09	-8.8395957e-09	-1.1724936e-08	-1.3111517e-08	-1.2306311e-08
0.0549456857142857	-3.3584144e-09	-5.1217453e-09	-6.2690075e-09	-8.5091223e-09	-1.1570751e-08	-1.3038654e-08	-1.2231574e-08
0.0561147428571428	-3.2304646e-09	-4.8878257e-09	-5.9162573e-09	-8.1798897e-09	-1.1421476e-08	-1.2998732e-08	-1.2217895e-08
0.0572838	-3.1344465e-09	-4.6677417e-09	-5.5538405e-09	-7.8215043e-09	-1.1210489e-08	-1.2899128e-08	-1.2154236e-08
0.0584528571428571	-2.9808254e-09	-4.4184256e-09	-5.1807318e-09	-7.4534716e-09	-1.097616e-08	-1.2740518e-08	-1.2002902e-08
0.0596219142857143	-2.6954599e-09	-4.0798085e-09	-4.7976414e-09	-7.0971828e-09	-1.0735014e-08	-1.255341e-08	-1.1805521e-08
0.0607909714285714	-2.2802928e-09	-3.6559746e-09	-4.3782009e-09	-6.735537e-09	-1.0459385e-08	-1.2329126e-08	-1.1589706e-08
0.0619600285714286	-1.7708912e-09	-3.1817426e-09	-3.9303139e-09	-6.3426064e-09	-1.0138399e-08	-1.2076083e-08	-1.1383685e-08
0.0631290857142857	-1.2302424e-09	-2.6664388e-09	-3.4481333e-09	-5.9171423e-09	-9.7952828e-09	-1.1808167e-08	-1.1182457e-08
0.0642981428571429	-6.855701e-10	-2.1051934e-09	-2.9255622e-09	-5.456263e-09	-9.4267101e-09	-1.1522814e-08	-1.0960393e-08
0.0654671999999999	-1.6168884e-10	-1.5402841e-09	-2.3757467e-09	-4.9497824e-09	-8.99096e-09	-1.117044e-08	-1.0692525e-08
0.0666362571428571	2.9975342e-10	-1.0206258e-09	-1.8294132e-09	-4.4158033e-09	-8.4899288e-09	-1.075573e-08	-1.0390298e-08
0.0678053142857142	6.7782646e-10	-5.5259175e-10	-1.3116792e-09	-3.8670085e-09	-7.9350535e-09	-1.0273531e-08	-1.0019045e-08
0.0689743714285714	1.0173387e-09	-1.3036357e-10	-8.1969559e-10	-3.3075991e-09	-7.3158981e-09	-9.6674677e-09	-9.5226529e-09
0.0701434285714285	1.3961137e-09	2.6485938e-10	-3.6395437e-10	-2.7917688e-09	-6.7113457e-09	-9.0300754e-09	-8.9394891e-09
0.0713124857142857	1.8297057e-09	6.8359518e-10	6.4758782e-11	-2.3381697e-09	-6.1945289e-09	-8.4616696e-09	-8.3336369e-09
0.0724815428571428	2.3195179e-09	1.1623553e-09	5.2156335e-10	-1.8998672e-09	-5.7578649e-09	-7.9749878e-09	-7.7720781e-09
0.0736506	2.9051277e-09	1.749981e-09	1.0736657e-09	-1.4073561e-09	-5.3572711e-09	-7.5831492e-09	-7.3059159e-09
0.0748196571428571	3.6422438e-09	2.4986262e-09	1.7866311e-09	-7.8096635e-10	-4.894892e-09	-7.2063586e-09	-6.9051347e-09
0.0759887142857143	4.5315609e-09	3.3819758e-09	2.6430529e-09	-5.3624383e-11	-4.376794e-09	-6.8187438e-09	-6.5456573e-09
0.0771577714285714	5.5077507e-09	4.3339985e-09	3.5553771e-09	7.0832451e-10	-3.8618642e-09	-6.4508474e-09	-6.222252e-09
0.0783268285714286	6.535974e-09	5.3597464e-09	4.521048e-09	1.5209993e-09	-3.2982908e-09	-6.0575069e-09	-5.8981957e-09
0.0794958857142857	7.6175084e-09	6.4391874e-09	5.5454286e-09	2.3812778e-09	-2.6796887e-09	-5.611215e-09	-5.532987e-09
0.0806649428571429	8.6755474e-09	7.4665136e-09	6.5408678e-09	3.2196084e-09	-2.071886e-09	-5.1383284e-09	-5.1352043e-09
0.081834	9.626957e-09	8.4219227e-09	7.4737976e-09	4.020118e-09	-1.519137e-09	-4.6730029e-09	-4.690575e-09
0.0830030571428572	1.0499177e-08	9.3348289e-09	8.4057286e-09	4.8473945e-09	-9.0855728e-10	-4.1213983e-09	-4.143808e-09
0.0841721142857143	1.1365894e-08	1.0235077e-08	9.3499901e-09	5.7463714e-09	-1.1471373e-10	-3.3846816e-09	-3.4564458e-09
0.0853411714285714	1.2270605e-08	1.1139639e-08	1.030133e-08	6.7144277e-09	8.068135e-10	-2.5056541e-09	-2.6433589e-09
0.0865102285714285	1.3211642e-08	1.2040696e-08	1.124022e-08	7.671221e-09	1.7416693e-09	-1.6091379e-09	-1.7984384e-09
0.0876792857142857	1.411682e-08	1.2905391e-08	1.2124129e-08	8.5217788e-09	2.5270517e-09	-8.5582935e-10	-1.0502168e-09
0.0888483428571428	1.4942527e-08	1.3721388e-08	1.2939683e-08	9.2448031e-09	3.1018708e-09	-3.0421907e-10	-4.4284135e-10
0.0900173999999999	1.5711855e-08	1.4568133e-08	1.3773744e-08	9.9531832e-09	3.5979906e-09	1.4184617e-10	6.027269e-11
0.0911864571428571	1.6475738e-08	1.5493097e-08	1.4700776e-08	1.0742873e-08	4.1433639e-09	5.7437116e-10	4.7363835e-10
0.0923555142857142	1.7202074e-08	1.6387997e-08	1.5641909e-08	1.155389e-08	4.7168913e-09	9.8257746e-10	7.5655093e-10
0.0935245714285714	1.7821488e-08	1.7126471e-08	1.6434317e-08	1.224729e-08	5.217192e-09	1.2943462e-09	9.0055124e-10
0.0946936285714285	1.8299501e-08	1.7693669e-08	1.7036546e-08	1.2769481e-08	5.5930189e-09	1.523361e-09	9.9133657e-10
0.0958626857142857	1.8701023e-08	1.8164778e-08	1.7503574e-08	1.3168719e-08	5.885703e-09	1.7235002e-09	1.0816221e-09
0.0970317428571428	1.9085984e-08	1.8597143e-08	1.7931796e-08	1.3529872e-08	6.1180443e-09	1.8829349e-09	1.1818928e-09
0.0982008	1.9491626e-08	1.9029489e-08	1.8363773e-08	1.3869764e-08	6.302467e-09	1.9832436e-09	1.2581326e-09
0.0993698571428571	1.9931425e-08	1.9502323e-08	1.8825254e-08	1.4235445e-08	6.4890129e-09	2.0525808e-09	1.3383246e-09
0.100538914285714	2.0386896e-08	1.9981801e-08	1.9331793e-08	1.4659487e-08	6.7139059e-09	2.1607915e-09	1.435755e-09
0.101707971428571	2.0804199e-08	2.0415916e-08	1.9819588e-08	1.5068231e-08	6.9326052e-09	2.2825255e-09	1.545528e-09
0.102877028571429	2.1146064e-08	2.079638e-08	2.0263746e-08	1.5465867e-08	7.1699455e-09	2.4297209e-09	1.6948708e-09
0.104046085714286	2.1506926e-08	2.1180414e-08	2.0705061e-08	1.5879774e-08	7.4719964e-09	2.6420366e-09	1.8620933e-09
0.105215142857143	2.1978584e-08	2.1641361e-08	2.1165778e-08	1.6323805e-08	7.8359159e-09	2.8993412e-09	2.0301738e-09
0.1063842	2.2532596e-08	2.2172827e-08	2.168979e-08	1.6807107e-08	8.2321652e-09	3.1854197e-09	2.2062976e-09
0.107553257142857	2.3105612e-08	2.271771e-08	2.2264256e-08	1.7306578e-08	8.5741441e-09	3.4032024e-09	2.3506586e-09
0.108722314285714	2.3641663e-08	2.3312333e-08	2.2898625e-08	1.7848686e-08	8.8770307e-09	3.5538592e-09	2.4400764e-09
0.109891371428571	2.4208813e-08	2.3993017e-08	2.3658945e-08	1.8506833e-08	9.2640047e-09	3.766524e-09	2.5540912e-09
0.111060428571429	2.4881405e-08	2.4714293e-08	2.4487118e-08	1.9239872e-08	9.7263548e-09	4.0548458e-09	2.7506026e-09
0.112229485714286	2.5626512e-08	2.5463518e-08	2.5304406e-08	1.9971793e-08	1.0194869e-08	4.3745874e-09	3.05693e-09
0.113398542857143	2.639093e-08	2.6263699e-08	2.6148651e-08	2.0718963e-08	1.0681605e-08	4.7404334e-09	3.4562384e-09
0.1145676	2.7182624e-08	2.7151511e-08	2.7085109e-08	2.1516302e-08	1.1179546e-08	5.10664e-09	3.875221e-09
0.115736657142857	2.807942e-08	2.8152852e-08	2.8137553e-08	2.2409685e-08	1.1721896e-08	5.4935909e-09	4.3100945e-09
0.116905714285714	2.9155304e-08	2.931244e-08	2.932468e-08	2.3410154e-08	1.2344205e-08	5.9361711e-09	4.7773634e-09
0.118074771428571	3.0387856e-08	3.0612281e-08	3.0633039e-08	2.4506047e-08	1.3032518e-08	6.4010317e-09	5.2141989e-09
0.119243828571429	3.1699809e-08	3.1996763e-08	3.2005154e-08	2.5661921e-08	1.3797101e-08	6.9023414e-09	5.5862479e-09
0.120412885714286	3.3005715e-08	3.3373329e-08	3.3391551e-08	2.684034e-08	1.458296e-08	7.4059012e-09	5.9172729e-09
0.121581942857143	3.4218566e-08	3.4653386e-08	3.4705362e-08	2.795972e-08	1.5280998e-08	7.8259088e-09	6.1836527e-09
0.122751	3.5330615e-08	3.5838298e-08	3.5916134e-08	2.8991872e-08	1.5908462e-08	8.1727993e-09	6.3900498e-09
0.123920057142857	3.6379301e-08	3.6967489e-08	3.7055024e-08	2.9985411e-08	1.6561337e-08	8.5564107e-09	6.5974621e-09
0.125089114285714	3.7355896e-08	3.800205e-08	3.8099063e-08	3.0910922e-08	1.7243545e-08	9.0191099e-09	6.8807373e-09
0.126258171428571	3.8233292e-08	3.885852e-08	3.893047e-08	3.1651538e-08	1.7881092e-08	9.5266603e-09	7.2298554e-09
0.127427228571429	3.8964625e-08	3.9508976e-08	3.9524505e-08	3.2169307e-08	1.8322297e-08	9.9405728e-09	7.5547586e-09
0.128596285714286	3.950586e-08	4.0021785e-08	3.9989789e-08	3.2552698e-08	1.8556436e-08	1.0152695e-08	7.7810807e-09
0.129765342857143	3.9890022e-08	4.0423078e-08	4.0427221e-08	3.2908801e-08	1.8681606e-08	1.0199227e-08	7.8548039e-09
0.1309344	4.0203226e-08	4.0735305e-08	4.0809514e-08	3.3209769e-08	1.873236e-08	1.0159412e-08	7.8493256e-09
0.132103457142857	4.0495483e-08	4.0991349e-08	4.1103615e-08	3.3450529e-08	1.8798909e-08	1.0144173e-08	7.8258777e-09
0.133272514285714	4.0826869e-08	4.125884e-08	4.1346659e-08	3.3658008e-08	1.8923711e-08	1.022531e-08	7.8942648e-09
0.134441571428571	4.1258328e-08	4.1600451e-08	4.1613404e-08	3.3886334e-08	1.91057e-08	1.0413414e-08	8.1562401e-09
0.135610628571429	4.1815433e-08	4.2036888e-08	4.1938645e-08	3.4169705e-08	1.9374188e-08	1.0732939e-08	8.5940668e-09
0.136779685714286	4.2447198e-08	4.2538218e-08	4.2330704e-08	3.452493e-08	1.9747899e-08	1.117151e-08	9.1375778e-09
0.137948742857143	4.3066223e-08	4.303017e-08	4.2741082e-08	3.4927655e-08	2.0195674e-08	1.1683241e-08	9.7476178e-09
0.1391178	4.3573667e-08	4.3450367e-08	4.3116323e-08	3.5304165e-08	2.061631e-08	1.2177759e-08	1.0371326e-08
0.140286857142857	4.3945214e-08	4.3769337e-08	4.34184e-08	3.5618626e-08	2.0959039e-08	1.2605601e-08	1.0946519e-08
0.141455914285714	4.421706e-08	4.4019142e-08	4.3655415e-08	3.5909451e-08	2.1317652e-08	1.3048729e-08	1.1542936e-08
0.142624971428571	4.4391342e-08	4.4201649e-08	4.3848928e-08	3.6199477e-08	2.1784018e-08	1.3630465e-08	1.2254417e-08
0.143794028571429	4.4451593e-08	4.4306475e-08	4.399169e-08	3.646727e-08	2.2283126e-08	1.427283e-08	1.3021096e-08
0.144963085714286	4.4354376e-08	4.4295955e-08	4.4075371e-08	3.6705217e-08	2.2739579e-08	1.4866903e-08	1.3726208e-08
0.146132142857143	4.4077762e-08	4.4160263e-08	4.4076728e-08	3.688762e-08	2.3121006e-08	1.5373319e-08	1.4336107e-08
0.1473012	4.3654122e-08	4.387466e-08	4.3952397e-08	3.6950389e-08	2.3384132e-08	1.5758188e-08	1.4845194e-08
0.148470257142857	4.3135131e-08	4.348367e-08	4.3669562e-08	3.6827739e-08	2.3496693e-08	1.6040028e-08	1.5311768e-08
0.149639314285714	4.2621579e-08	4.3057916e-08	4.3262013e-08	3.6552684e-08	2.3480263e-08	1.6253612e-08	1.5755999e-08
0.150808371428571	4.2145281e-08	4.2609205e-08	4.2811614e-08	3.6212757e-08	2.3371049e-08	1.6370906e-08	1.6168112e-08
0.151977428571428	4.1688548e-08	4.2134754e-08	4.2339313e-08	3.5844806e-08	2.3228154e-08	1.6457864e-08	1.6566876e-08
0.153146485714286	4.1217682e-08	4.1674252e-08	4.1889493e-08	3.5509057e-08	2.3080656e-08	1.6554578e-08	1.6993877e-08
0.154315542857143	4.0734477e-08	4.1248413e-08	4.1501767e-08	3.5241687e-08	2.2970069e-08	1.6646769e-08	1.7380788e-08
0.1554846	4.0230034e-08	4.0787207e-08	4.1110845e-08	3.4989952e-08	2.2916407e-08	1.6762186e-08	1.7719969e-08
0.156653657142857	3.9672166e-08	4.0272884e-08	4.0663014e-08	3.4705508e-08	2.2884462e-08	1.690222e-08	1.8043789e-08
0.157822714285714	3.9091962e-08	3.9740325e-08	4.0186329e-08	3.4423596e-08	2.2903411e-08	1.7101783e-08	1.838257e-08
0.158991771428571	3.8555019e-08	3.9241517e-08	3.9745078e-08	3.4187583e-08	2.2982618e-08	1.7382426e-08	1.8786292e-08
0.160160828571429	3.8069828e-08	3.8773912e-08	3.9301881e-08	3.3956383e-08	2.3100382e-08	1.7755987e-08	1.9301593e-08
0.161329885714286	3.7611809e-08	3.8305028e-08	3.8782481e-08	3.3641488e-08	2.3233769e-08	1.8225597e-08	1.9945405e-08
0.162498942857143	3.7168405e-08	3.7809734e-08	3.8147242e-08	3.3215755e-08	2.3375188e-08	1.8761812e-08	2.0690631e-08
0.163668	3.6706755e-08	3.7228425e-08	3.7425028e-08	3.2703326e-08	2.3447733e-08	1.9277834e-08	2.1428148e-08
0.164837057142857	3.6166728e-08	3.6539738e-08	3.6641143e-08	3.2127147e-08	2.3394998e-08	1.9671669e-08	2.2040913e-08
0.166006114285714	3.5520628e-08	3.5820996e-08	3.5874457e-08	3.1576068e-08	2.3285139e-08	1.9962572e-08	2.2491077e-08
0.167175171428571	3.4868492e-08	3.5143874e-08	3.5181916e-08	3.1100004e-08	2.3228662e-08	2.0268287e-08	2.2901817e-08
0.168344228571429	3.4260975e-08	3.448887e-08	3.455407e-08	3.070954e-08	2.3274227e-08	2.0666203e-08	2.3419659e-08
0.169513285714286	3.3621731e-08	3.3846131e-08	3.3984449e-08	3.0382935e-08	2.3353765e-08	2.1088129e-08	2.3988274e-08
0.170682342857143	3.2950137e-08	3.3214942e-08	3.3433306e-08	3.0052817e-08	2.3390973e-08	2.1448406e-08	2.4476577e-08
0.1718514	3.2283353e-08	3.2603577e-08	3.289167e-08	2.9713002e-08	2.3364084e-08	2.1726079e-08	2.4849758e-08
0.173020457142857	3.1617901e-08	3.1984314e-08	3.2328423e-08	2.933295e-08	2.3273348e-08	2.1928257e-08	2.5181263e-08
0.174189514285714	3.0906353e-08	3.128314e-08	3.1647939e-08	2.8818244e-08	2.308715e-08	2.2067329e-08	2.5477322e-08
0.175358571428571	3.0137119e-08	3.0482184e-08	3.0808451e-08	2.812874e-08	2.2751562e-08	2.2060027e-08	2.5675458e-08
0.176527628571429	2.930863e-08	2.9593528e-08	2.9854995e-08	2.7337267e-08	2.2327267e-08	2.1915923e-08	2.5722539e-08
0.177696685714286	2.8432545e-08	2.8632229e-08	2.8835212e-08	2.6501919e-08	2.1884281e-08	2.1730532e-08	2.5659807e-08
0.178865742857143	2.7508236e-08	2.7627108e-08	2.7756045e-08	2.5620807e-08	2.1472196e-08	2.1572754e-08	2.5543478e-08
0.1800348	2.6550499e-08	2.6626896e-08	2.6706743e-08	2.4782015e-08	2.1094431e-08	2.1452339e-08	2.5452975e-08
0.181203857142857	2.5589499e-08	2.5660329e-08	2.5732993e-08	2.4017043e-08	2.0766704e-08	2.1397142e-08	2.545335e-08
0.182372914285714	2.4609164e-08	2.470401e-08	2.4802755e-08	2.3281284e-08	2.0409701e-08	2.1315238e-08	2.546243e-08
0.183541971428571	2.3635049e-08	2.3730745e-08	2.3860325e-08	2.2522437e-08	1.9966578e-08	2.1121707e-08	2.5379226e-08
0.184711028571429	2.266802e-08	2.2758458e-08	2.290129e-08	2.174616e-08	1.9481305e-08	2.0857707e-08	2.5237091e-08
0.185880085714286	2.1662505e-08	2.1765716e-08	2.1963364e-08	2.0986064e-08	1.8990926e-08	2.0580689e-08	2.5095446e-08
0.187049142857143	2.0589875e-08	2.0763041e-08	2.104499e-08	2.0250088e-08	1.8522069e-08	2.0340002e-08	2.4993511e-08
0.1882182	1.9432688e-08	1.9739643e-08	2.0140346e-08	1.9534122e-08	1.808859e-08	2.0145695e-08	2.4921137e-08
0.189387257142857	1.8247437e-08	1.8680778e-08	1.9224926e-08	1.8817905e-08	1.7659042e-08	1.9960945e-08	2.48498e-08
0.190556314285714	1.7032614e-08	1.7574656e-08	1.8268823e-08	1.8100957e-08	1.724972e-08	1.9773523e-08	2.4731836e-08
0.191725371428571	1.5837696e-08	1.6445322e-08	1.7269869e-08	1.7324775e-08	1.6770594e-08	1.9504037e-08	2.4530491e-08
0.192894428571429	1.4721908e-08	1.5357076e-08	1.6255317e-08	1.6475788e-08	1.6149754e-08	1.9108491e-08	2.4295941e-08
0.194063485714286	1.3663557e-08	1.4363565e-08	1.5335969e-08	1.5670674e-08	1.549099e-08	1.864535e-08	2.4015867e-08
0.195232542857143	1.2681269e-08	1.3448501e-08	1.4517837e-08	1.4949725e-08	1.4859527e-08	1.8147601e-08	2.3639858e-08
0.1964016	1.1764904e-08	1.2562825e-08	1.3740516e-08	1.4275074e-08	1.4257862e-08	1.7635994e-08	2.3189303e-08
0.197570657142857	1.0896612e-08	1.1729448e-08	1.2986978e-08	1.3639039e-08	1.3721509e-08	1.7186846e-08	2.2786077e-08
0.198739714285714	1.0056028e-08	1.0930906e-08	1.225461e-08	1.3040216e-08	1.3278113e-08	1.683906e-08	2.2465724e-08
0.199908771428571	9.2144701e-09	1.009631e-08	1.1498825e-08	1.2420552e-08	1.2859009e-08	1.6529514e-08	2.2188496e-08
0.201077828571429	8.3643048e-09	9.263589e-09	1.0716554e-08	1.1757646e-08	1.238485e-08	1.6216426e-08	2.1972289e-08
0.202246885714286	7.5570092e-09	8.5008107e-09	9.9836903e-09	1.1138643e-08	1.1943926e-08	1.5957475e-08	2.1852644e-08
0.203415942857143	6.8203083e-09	7.7770039e-09	9.3249701e-09	1.0590996e-08	1.1543056e-08	1.5707878e-08	2.1736691e-08
0.204585	6.0771685e-09	7.0574693e-09	8.673867e-09	1.0040433e-08	1.1130288e-08	1.5421051e-08	2.1561965e-08
0.205754057142857	5.3032974e-09	6.3494094e-09	8.0253164e-09	9.5057775e-09	1.0744383e-08	1.5160426e-08	2.1418455e-08
0.206923114285714	4.5595239e-09	5.6619829e-09	7.3907924e-09	8.9889181e-09	1.0386162e-08	1.4933654e-08	2.1284473e-08
0.208092171428571	3.867715e-09	4.9666338e-09	6.7213564e-09	8.4016163e-09	9.9519051e-09	1.4617078e-08	2.1060726e-08
0.209261228571428	3.2388632e-09	4.2940087e-09	6.0144867e-09	7.7430746e-09	9.4275228e-09	1.4217489e-08	2.0784094e-08
0.210430285714286	2.722629e-09	3.7070003e-09	5.339412e-09	7.1125408e-09	8.9454995e-09	1.3882084e-08	2.0567722e-08
0.211599342857143	2.3383722e-09	3.1924601e-09	4.7112207e-09	6.5088397e-09	8.5252774e-09	1.3627469e-08	2.0427342e-08
0.2127684	2.0405981e-09	2.7268623e-09	4.1126498e-09	5.9212018e-09	8.1030596e-09	1.337182e-08	2.0291536e-08
0.213937457142857	1.7495342e-09	2.2876239e-09	3.5707508e-09	5.4024003e-09	7.6829254e-09	1.3066769e-08	2.0096527e-08
0.215106514285714	1.4568413e-09	1.8771942e-09	3.0749214e-09	4.8968021e-09	7.2536972e-09	1.2713311e-08	1.9806347e-08
0.216275571428571	1.1682111e-09	1.481188e-09	2.5517943e-09	4.3315982e-09	6.7880346e-09	1.2330839e-08	1.9461687e-08
0.217444628571429	8.5311075e-10	1.0196033e-09	1.9520412e-09	3.6943089e-09	6.2555272e-09	1.189886e-08	1.9085068e-08
0.218613685714286	4.7470167e-10	4.5094756e-10	1.2578895e-09	2.9593132e-09	5.592252e-09	1.134879e-08	1.8646233e-08
0.219782742857143	4.2230691e-11	-1.8223753e-10	4.8814591e-10	2.1413098e-09	4.8191127e-09	1.0711096e-08	1.8177053e-08
0.2209518	-4.3217524e-10	-8.2438339e-10	-2.7921351e-10	1.3294099e-09	4.0242418e-09	1.0029857e-08	1.7682831e-08
0.222120857142857	-9.8229147e-10	-1.4396393e-09	-9.6960384e-10	5.8171529e-10	3.2557685e-09	9.3414885e-09	1.7162442e-08
0.223289914285714	-1.5908032e-09	-2.0187092e-09	-1.5756779e-09	-6.7663174e-11	2.5891476e-09	8.7384171e-09	1.670637e-08
0.224458971428571	-2.2312363e-09	-2.5950821e-09	-2.1466109e-09	-6.7919986e-10	1.9698594e-09	8.1986231e-09	1.6322213e-08
0.225628028571428	-2.9180978e-09	-3.2191154e-09	-2.7418816e-09	-1.325416e-09	1.2832266e-09	7.6020479e-09	1.5914075e-08
0.226797085714286	-3.6330203e-09	-3.8550816e-09	-3.3617344e-09	-1.9696675e-09	5.8564564e-10	6.9752941e-09	1.546322e-08
0.227966142857143	-4.3161434e-09	-4.5119291e-09	-3.9872328e-09	-2.6003311e-09	-7.5394371e-11	6.3727681e-09	1.5000243e-08
0.2291352	-4.9599453e-09	-5.2051998e-09	-4.6658091e-09	-3.2746044e-09	-7.3046819e-10	5.7828564e-09	1.452115e-08
0.230304257142857	-5.5693303e-09	-5.8606817e-09	-5.360941e-09	-3.9700105e-09	-1.3909932e-09	5.2025584e-09	1.4025949e-08
0.231473314285714	-6.0998735e-09	-6.4281891e-09	-6.0005845e-09	-4.6195194e-09	-2.0025375e-09	4.6654995e-09	1.3543159e-08
0.232642371428571	-6.5082775e-09	-6.9297861e-09	-6.5808328e-09	-5.195556e-09	-2.537353e-09	4.161e-09	1.3050107e-08
0.233811428571429	-6.874262e-09	-7.4073965e-09	-7.1238806e-09	-5.7130451e-09	-3.0072118e-09	3.6769541e-09	1.2519812e-08
0.234980485714286	-7.2980395e-09	-7.8769578e-09	-7.6495184e-09	-6.2137042e-09	-3.4707077e-09	3.197574e-09	1.1974322e-08
0.236149542857143	-7.8566051e-09	-8.4627381e-09	-8.2703098e-09	-6.8149562e-09	-4.000213e-09	2.6704678e-09	1.136277e-08
0.2373186	-8.644129e-09	-9.324709e-09	-9.1318988e-09	-7.6390245e-09	-4.7347966e-09	1.9244439e-09	1.0540109e-08
0.238487657142857	-9.6879011e-09	-1.0382161e-08	-1.0179746e-08	-8.6607255e-09	-5.7444889e-09	8.9095598e-10	9.4770343e-09
0.239656714285714	-1.0898247e-08	-1.1495079e-08	-1.1246406e-08	-9.6989439e-09	-6.7961881e-09	-1.9530449e-10	8.3589287e-09
0.240825771428571	-1.2116472e-08	-1.2590639e-08	-1.2284288e-08	-1.0712519e-08	-7.7584943e-09	-1.1741201e-09	7.2986959e-09
0.241994828571429	-1.379511e-08	-1.4159726e-08	-1.3734731e-08	-1.2076741e-08	-9.1338626e-09	-2.5766116e-09	5.843158e-09
0.243163885714286	-1.6456985e-08	-1.6912354e-08	-1.6467599e-08	-1.4748466e-08	-1.1766876e-08	-5.2344431e-09	3.1564715e-09
0.244332942857143	-1.9696817e-08	-2.0302942e-08	-1.9951715e-08	-1.8307206e-08	-1.5246066e-08	-8.6602956e-09	-3.3645856e-10
0.245502	-2.2331388e-08	-2.2912856e-08	-2.2612822e-08	-2.0945043e-08	-1.7777495e-08	-1.1124089e-08	-2.7978257e-09
0.246671057142857	-2.3602828e-08	-2.4166068e-08	-2.3918831e-08	-2.2200362e-08	-1.893023e-08	-1.2251777e-08	-3.9152677e-09
0.247840114285714	-2.4155977e-08	-2.4741496e-08	-2.4523287e-08	-2.2846095e-08	-1.9597353e-08	-1.2933459e-08	-4.6502864e-09
0.249009171428571	-2.4579741e-08	-2.5178419e-08	-2.502204e-08	-2.3388891e-08	-2.0159337e-08	-1.3508153e-08	-5.2622422e-09
0.250178228571429	-2.4945145e-08	-2.5565269e-08	-2.5472039e-08	-2.3888703e-08	-2.0659515e-08	-1.4018883e-08	-5.8291323e-09
0.251347285714286	-2.5306635e-08	-2.5988092e-08	-2.5970682e-08	-2.4443347e-08	-2.1190875e-08	-1.4560252e-08	-6.4644112e-09
0.252516342857143	-2.5686385e-08	-2.64241e-08	-2.6496885e-08	-2.5044585e-08	-2.1782011e-08	-1.5180806e-08	-7.1789295e-09
0.2536854	-2.6068001e-08	-2.6819031e-08	-2.6982903e-08	-2.5610131e-08	-2.2378806e-08	-1.5816543e-08	-7.8802644e-09
0.254854457142857	-2.6419329e-08	-2.719333e-08	-2.742914e-08	-2.6141313e-08	-2.2959567e-08	-1.63912e-08	-8.4432097e-09
0.256023514285714	-2.6744551e-08	-2.756153e-08	-2.7862821e-08	-2.6667266e-08	-2.3523832e-08	-1.6909658e-08	-8.8600514e-09
0.257192571428571	-2.7015854e-08	-2.7907523e-08	-2.8267731e-08	-2.714315e-08	-2.4064171e-08	-1.7397529e-08	-9.1981809e-09
0.258361628571429	-2.7179613e-08	-2.820572e-08	-2.8630488e-08	-2.7563386e-08	-2.4544397e-08	-1.7829988e-08	-9.4707895e-09
0.259530685714286	-2.7254346e-08	-2.8442892e-08	-2.8949033e-08	-2.7917608e-08	-2.4918302e-08	-1.8156232e-08	-9.6620987e-09
0.260699742857143	-2.7274506e-08	-2.8574654e-08	-2.9167358e-08	-2.8177491e-08	-2.5173042e-08	-1.8324631e-08	-9.7031556e-09
0.2618688	-2.7253213e-08	-2.8583406e-08	-2.9248163e-08	-2.8309222e-08	-2.5286599e-08	-1.8343309e-08	-9.6177546e-09
0.263037857142857	-2.720561e-08	-2.8550367e-08	-2.9236517e-08	-2.8353277e-08	-2.5323965e-08	-1.8329503e-08	-9.5352064e-09
0.264206914285714	-2.7132492e-08	-2.8502342e-08	-2.9198441e-08	-2.8356872e-08	-2.5324356e-08	-1.8313118e-08	-9.5098649e-09
0.265375971428571	-2.698121e-08	-2.8361262e-08	-2.9088739e-08	-2.8258524e-08	-2.522021e-08	-1.8204119e-08	-9.4585522e-09
0.266545028571429	-2.6671721e-08	-2.8052259e-08	-2.8818739e-08	-2.7997892e-08	-2.4959661e-08	-1.7966551e-08	-9.309888e-09
0.267714085714286	-2.6198251e-08	-2.7574623e-08	-2.8371552e-08	-2.7572456e-08	-2.4535225e-08	-1.7574928e-08	-9.0335925e-09
0.268883142857143	-2.5611055e-08	-2.6979022e-08	-2.7788531e-08	-2.6980127e-08	-2.3930689e-08	-1.7004449e-08	-8.5901819e-09
0.2700522	-2.4956648e-08	-2.6309232e-08	-2.7111998e-08	-2.6275373e-08	-2.3192571e-08	-1.6313422e-08	-7.9857534e-09
0.271221257142857	-2.4283645e-08	-2.5614334e-08	-2.6387895e-08	-2.5511643e-08	-2.2393989e-08	-1.5542671e-08	-7.2888566e-09
0.272390314285714	-2.3621599e-08	-2.4900645e-08	-2.5637148e-08	-2.4727258e-08	-2.1570306e-08	-1.4737284e-08	-6.5515242e-09
0.273559371428571	-2.2962706e-08	-2.4148108e-08	-2.4842924e-08	-2.3921048e-08	-2.0728796e-08	-1.3929861e-08	-5.7909371e-09
0.274728428571429	-2.2066718e-08	-2.3173348e-08	-2.3808921e-08	-2.2851829e-08	-1.9683746e-08	-1.2902222e-08	-4.7959983e-09
0.275897485714286	-2.0538003e-08	-2.1568278e-08	-2.2149377e-08	-2.1098849e-08	-1.7916415e-08	-1.1097186e-08	-2.9588423e-09
0.277066542857143	-1.8560941e-08	-1.941461e-08	-1.9893973e-08	-1.8765494e-08	-1.5634237e-08	-8.8343795e-09	-6.6744771e-10
0.2782356	-1.692041e-08	-1.7786483e-08	-1.8201591e-08	-1.716719e-08	-1.4132904e-08	-7.4355166e-09	6.8980377e-10
0.279404657142857	-1.6207059e-08	-1.719086e-08	-1.7676173e-08	-1.6743382e-08	-1.3765796e-08	-7.1465864e-09	9.6590136e-10
0.280573714285714	-1.6007949e-08	-1.7010795e-08	-1.7561293e-08	-1.6652113e-08	-1.3775312e-08	-7.2067849e-09	9.3311525e-10
0.281742771428571	-1.5801469e-08	-1.6871498e-08	-1.7472381e-08	-1.6623115e-08	-1.3808693e-08	-7.2598425e-09	9.2554436e-10
0.282911828571428	-1.5634219e-08	-1.6762387e-08	-1.7419048e-08	-1.6613697e-08	-1.3839175e-08	-7.2997848e-09	9.1850749e-10
0.284080885714286	-1.5532255e-08	-1.6640127e-08	-1.7326215e-08	-1.6545965e-08	-1.3815534e-08	-7.3115825e-09	8.9617369e-10
0.285249942857143	-1.5433029e-08	-1.6498459e-08	-1.7170196e-08	-1.643245e-08	-1.3759773e-08	-7.3074649e-09	8.7838703e-10
0.286419	-1.5277378e-08	-1.6323627e-08	-1.6987553e-08	-1.6276134e-08	-1.3652942e-08	-7.2481643e-09	9.086808e-10
0.287588057142857	-1.5064245e-08	-1.6062865e-08	-1.6725515e-08	-1.6010503e-08	-1.3415861e-08	-7.0559061e-09	1.0627386e-09
0.288757114285714	-1.4803239e-08	-1.5749697e-08	-1.6387604e-08	-1.565593e-08	-1.3054345e-08	-6.723786e-09	1.3478083e-09
0.289926171428571	-1.4599292e-08	-1.5492779e-08	-1.6085872e-08	-1.5327167e-08	-1.2682627e-08	-6.3492154e-09	1.6795165e-09
0.291095228571429	-1.4517096e-08	-1.5338927e-08	-1.5878966e-08	-1.51118e-08	-1.2411337e-08	-6.0587064e-09	1.9101278e-09
0.292264285714286	-1.4516831e-08	-1.5229814e-08	-1.5719269e-08	-1.4932855e-08	-1.2209412e-08	-5.9009633e-09	1.9565654e-09
0.293433342857143	-1.4508326e-08	-1.5102312e-08	-1.5517406e-08	-1.4677333e-08	-1.1981776e-08	-5.7995408e-09	1.9034927e-09
0.2946024	-1.4431402e-08	-1.4922499e-08	-1.5249288e-08	-1.4383535e-08	-1.1728575e-08	-5.6671734e-09	1.8780384e-09
0.295771457142857	-1.4304399e-08	-1.4723527e-08	-1.4964693e-08	-1.4044023e-08	-1.1411218e-08	-5.4429097e-09	1.9537272e-09
0.296940514285714	-1.4169619e-08	-1.452965e-08	-1.4680476e-08	-1.3662875e-08	-1.1027575e-08	-5.1378284e-09	2.133786e-09
0.298109571428571	-1.4090719e-08	-1.4362593e-08	-1.4420378e-08	-1.3361486e-08	-1.0721342e-08	-4.8851909e-09	2.3031941e-09
0.299278628571429	-1.4024087e-08	-1.4232003e-08	-1.4231812e-08	-1.3161218e-08	-1.0529855e-08	-4.7435229e-09	2.3724129e-09
0.300447685714286	-1.3913035e-08	-1.4075793e-08	-1.4049372e-08	-1.2985728e-08	-1.0393977e-08	-4.6551545e-09	2.400395e-09
0.301616742857143	-1.3717352e-08	-1.3835409e-08	-1.3811613e-08	-1.2759077e-08	-1.0233282e-08	-4.5402508e-09	2.4938984e-09
0.3027858	-1.3449334e-08	-1.3499742e-08	-1.3485582e-08	-1.2492219e-08	-1.0032357e-08	-4.3609933e-09	2.6898033e-09
0.303954857142857	-1.3111743e-08	-1.3118609e-08	-1.3122188e-08	-1.2211406e-08	-9.8261292e-09	-4.1810413e-09	2.8981366e-09
0.305123914285714	-1.2768125e-08	-1.2782011e-08	-1.2801871e-08	-1.191609e-08	-9.6214654e-09	-4.028692e-09	3.058565e-09
0.306292971428571	-1.2469323e-08	-1.2564104e-08	-1.2578439e-08	-1.1693833e-08	-9.4490291e-09	-3.8900687e-09	3.1920999e-09
0.307462028571429	-1.2206203e-08	-1.2373897e-08	-1.2403149e-08	-1.1523198e-08	-9.2950634e-09	-3.7290757e-09	3.3708005e-09
0.308631085714286	-1.1857473e-08	-1.207089e-08	-1.2135152e-08	-1.1282347e-08	-9.0823651e-09	-3.4945433e-09	3.6492327e-09
0.309800142857143	-1.1356508e-08	-1.1621202e-08	-1.1734918e-08	-1.0956491e-08	-8.7966701e-09	-3.1934291e-09	3.9961692e-09
0.3109692	-1.0767651e-08	-1.1074756e-08	-1.1253491e-08	-1.0549297e-08	-8.4410212e-09	-2.8666187e-09	4.3063548e-09
0.312138257142857	-1.0154951e-08	-1.0471869e-08	-1.070413e-08	-1.0078344e-08	-8.0765741e-09	-2.6010953e-09	4.472116e-09
0.313307314285714	-9.5517132e-09	-9.8893134e-09	-1.0158395e-08	-9.6350643e-09	-7.7668467e-09	-2.435502e-09	4.4771795e-09
0.314476371428571	-8.975948e-09	-9.3380468e-09	-9.6744044e-09	-9.255718e-09	-7.506725e-09	-2.3208502e-09	4.4442867e-09
0.315645428571429	-8.4060803e-09	-8.8174721e-09	-9.2392254e-09	-8.9097805e-09	-7.2558199e-09	-2.1779081e-09	4.4752442e-09
0.316814485714286	-7.8700415e-09	-8.3649985e-09	-8.8952721e-09	-8.653962e-09	-7.0332575e-09	-1.9934474e-09	4.5830983e-09
0.317983542857143	-7.4039495e-09	-8.0269587e-09	-8.697369e-09	-8.5624272e-09	-6.9025075e-09	-1.8147314e-09	4.7339825e-09
0.3191526	-7.0714554e-09	-7.8575422e-09	-8.7118357e-09	-8.6440028e-09	-6.8828645e-09	-1.67388e-09	4.931215e-09
0.320321657142857	-6.8839578e-09	-7.8589029e-09	-8.9164818e-09	-8.9421475e-09	-6.9995507e-09	-1.5843974e-09	5.1470099e-09
0.321490714285714	-6.7846795e-09	-7.9161797e-09	-9.1830179e-09	-9.307926e-09	-7.1763804e-09	-1.5228383e-09	5.3694191e-09
0.322659771428571	-6.6859802e-09	-7.9240783e-09	-9.3445038e-09	-9.4967554e-09	-7.2541795e-09	-1.4450593e-09	5.5924469e-09
0.323828828571429	-6.5040981e-09	-7.8346032e-09	-9.3335579e-09	-9.4992076e-09	-7.2267619e-09	-1.3431484e-09	5.8091727e-09
0.324997885714286	-6.2097891e-09	-7.6321376e-09	-9.1972385e-09	-9.3851886e-09	-7.129322e-09	-1.2228736e-09	6.0141714e-09
0.326166942857143	-5.8349596e-09	-7.3145432e-09	-8.9642933e-09	-9.2212895e-09	-7.0014559e-09	-1.0661149e-09	6.2477965e-09
0.327336	-5.377343e-09	-6.8724679e-09	-8.6561291e-09	-9.0410621e-09	-6.8590325e-09	-8.6882901e-10	6.5568684e-09
0.328505057142857	-4.8110542e-09	-6.3369714e-09	-8.3082998e-09	-8.8674739e-09	-6.7034875e-09	-6.3417427e-10	6.9101449e-09
0.329674114285714	-4.2034438e-09	-5.8225846e-09	-7.998076e-09	-8.7342213e-09	-6.6039796e-09	-4.3455375e-10	7.2500015e-09
0.330843171428571	-3.647485e-09	-5.374841e-09	-7.7471709e-09	-8.6671612e-09	-6.5787904e-09	-2.9531985e-10	7.5708453e-09
0.332012228571429	-3.1777383e-09	-4.9739723e-09	-7.5172464e-09	-8.6161922e-09	-6.5555001e-09	-1.5618513e-10	7.8635596e-09
0.333181285714286	-2.7563083e-09	-4.603514e-09	-7.3044726e-09	-8.5742711e-09	-6.5049117e-09	5.5401994e-12	8.1300291e-09
0.334350342857143	-2.3320477e-09	-4.2517563e-09	-7.1132216e-09	-8.5101552e-09	-6.4220593e-09	1.7449819e-10	8.3763192e-09
0.3355194	-1.9085045e-09	-3.9160879e-09	-6.9224892e-09	-8.4249532e-09	-6.3252066e-09	3.3762734e-10	8.5983238e-09
0.336688457142857	-1.5749576e-09	-3.6768177e-09	-6.7779449e-09	-8.3338305e-09	-6.2555605e-09	4.2344023e-10	8.7270058e-09
0.337857514285714	-1.372598e-09	-3.5614485e-09	-6.718599e-09	-8.3142409e-09	-6.2875531e-09	3.8552719e-10	8.7202672e-09
0.339026571428571	-1.2220498e-09	-3.4620247e-09	-6.7042349e-09	-8.385677e-09	-6.389286e-09	3.1226718e-10	8.6577492e-09
0.340195628571428	-1.0355442e-09	-3.3120944e-09	-6.669219e-09	-8.4793612e-09	-6.5113746e-09	2.4764366e-10	8.6384366e-09
0.341364685714286	-8.0924367e-10	-3.1205154e-09	-6.6183485e-09	-8.5904857e-09	-6.6778045e-09	1.5531779e-10	8.654693e-09
0.342533742857143	-5.7028599e-10	-2.8813898e-09	-6.5200538e-09	-8.713207e-09	-6.8790778e-09	5.5225192e-11	8.6814769e-09
0.3437028	-2.8349958e-10	-2.5587301e-09	-6.3348913e-09	-8.7663334e-09	-7.0308905e-09	2.785802e-12	8.7769711e-09
0.344871857142857	8.59589e-11	-2.1511322e-09	-6.054361e-09	-8.7003498e-09	-7.0688873e-09	3.3575476e-11	8.9308605e-09
0.346040914285714	4.6408438e-10	-1.7435725e-09	-5.7386593e-09	-8.5900158e-09	-7.0443007e-09	1.289556e-10	9.1262553e-09
0.347209971428571	7.5728707e-10	-1.4522238e-09	-5.5106266e-09	-8.5526723e-09	-7.0956183e-09	1.5745646e-10	9.3068326e-09
0.348379028571429	9.6137087e-10	-1.2225891e-09	-5.3647629e-09	-8.5964453e-09	-7.2348265e-09	1.0878599e-10	9.4542747e-09
0.349548085714286	1.1780887e-09	-9.332316e-10	-5.1777156e-09	-8.6211971e-09	-7.3266491e-09	1.4051407e-10	9.6697956e-09
0.350717142857143	1.4349375e-09	-6.1405087e-10	-4.9509876e-09	-8.6163476e-09	-7.3686439e-09	2.2398472e-10	9.940492e-09
0.3518862	1.6533263e-09	-3.645417e-10	-4.7735229e-09	-8.6008702e-09	-7.4263244e-09	2.8063041e-10	1.0235258e-08
0.353055257142857	1.7930942e-09	-1.7223012e-10	-4.6345794e-09	-8.5866434e-09	-7.4769559e-09	3.5354197e-10	1.056828e-08
0.354224314285714	1.8735207e-09	1.809781e-11	-4.4751425e-09	-8.5501544e-09	-7.4707938e-09	5.1974575e-10	1.1004159e-08
0.355393371428571	1.9765303e-09	2.142012e-10	-4.2983341e-09	-8.4816838e-09	-7.4423161e-09	7.199385e-10	1.1554632e-08
0.356562428571429	2.157329e-09	3.9246709e-10	-4.1779677e-09	-8.5002636e-09	-7.5138438e-09	8.437992e-10	1.209203e-08
0.357731485714286	2.3663109e-09	5.4744803e-10	-4.1405173e-09	-8.6539682e-09	-7.7135764e-09	8.7691582e-10	1.2547784e-08
0.358900542857143	2.5937559e-09	6.9724099e-10	-4.1434194e-09	-8.8872314e-09	-7.9637932e-09	8.8941782e-10	1.2941213e-08
0.3600696	2.8823046e-09	8.7257718e-10	-4.1356167e-09	-9.0760466e-09	-8.1478468e-09	9.6609831e-10	1.3330691e-08
0.361238657142857	3.2516638e-09	1.1129386e-09	-4.0615302e-09	-9.127044e-09	-8.1876443e-09	1.1402137e-09	1.3800782e-08
0.362407714285714	3.6689816e-09	1.4018079e-09	-3.9046726e-09	-9.0367376e-09	-8.1155189e-09	1.3360502e-09	1.4238272e-08
0.363576771428571	4.0244554e-09	1.6532472e-09	-3.7494625e-09	-8.9522754e-09	-8.0862019e-09	1.432216e-09	1.4510799e-08
0.364745828571429	4.1995243e-09	1.7886589e-09	-3.6924126e-09	-9.0386418e-09	-8.2262872e-09	1.3602303e-09	1.4575349e-08
0.365914885714286	4.229765e-09	1.8398418e-09	-3.7390233e-09	-9.2799013e-09	-8.5152605e-09	1.1518688e-09	1.4459333e-08
0.367083942857143	4.2621568e-09	1.9394257e-09	-3.7388963e-09	-9.5084811e-09	-8.8718384e-09	8.8407459e-10	1.4341143e-08
0.368253	4.4308859e-09	2.207299e-09	-3.5714485e-09	-9.5978763e-09	-9.1214511e-09	7.0800849e-10	1.4334748e-08
0.369422057142857	4.772688e-09	2.6493359e-09	-3.2233067e-09	-9.5045722e-09	-9.1519103e-09	7.3425865e-10	1.4488508e-08
0.370591114285714	5.2542375e-09	3.1951326e-09	-2.7629135e-09	-9.3018393e-09	-9.0450412e-09	9.1319591e-10	1.4787082e-08
0.371760171428571	5.810715e-09	3.7891086e-09	-2.2679514e-09	-9.0416554e-09	-8.857703e-09	1.187226e-09	1.5164018e-08
0.372929228571429	6.3894099e-09	4.3917372e-09	-1.7694722e-09	-8.7446459e-09	-8.614145e-09	1.5465602e-09	1.5652265e-08
0.374098285714286	6.9456969e-09	4.9615276e-09	-1.2927139e-09	-8.4358494e-09	-8.3187759e-09	1.975734e-09	1.6192914e-08
0.375267342857143	7.4328543e-09	5.5003593e-09	-8.2543894e-10	-8.1093052e-09	-7.9800637e-09	2.427712e-09	1.6716431e-08
0.3764364	7.8176097e-09	5.9674208e-09	-3.8866629e-10	-7.7676789e-09	-7.5968343e-09	2.9107263e-09	1.7262572e-08
0.377605457142857	8.0988265e-09	6.352237e-09	-4.1626333e-12	-7.4333544e-09	-7.2098816e-09	3.4359009e-09	1.7910207e-08
0.378774514285714	8.2800904e-09	6.6052097e-09	2.8582045e-10	-7.1285395e-09	-6.8212582e-09	3.9886556e-09	1.8620865e-08
0.379943571428571	8.3475475e-09	6.7229977e-09	4.5037629e-10	-6.9176731e-09	-6.4842092e-09	4.5231077e-09	1.9347677e-08
0.381112628571429	8.3043927e-09	6.724429e-09	5.0404658e-10	-6.7849091e-09	-6.1674243e-09	5.0741149e-09	2.0072269e-08
0.382281685714286	8.1636049e-09	6.6150592e-09	4.7357979e-10	-6.6733472e-09	-5.8073115e-09	5.683205e-09	2.0814369e-08
0.383450742857143	7.9631244e-09	6.4399313e-09	4.1088649e-10	-6.5483499e-09	-5.4156595e-09	6.3256431e-09	2.1598478e-08
0.3846198	7.7575715e-09	6.252078e-09	3.4630873e-10	-6.3959398e-09	-4.9762696e-09	6.9931136e-09	2.2395863e-08
0.385788857142857	7.5699464e-09	6.0822836e-09	2.8076205e-10	-6.2434156e-09	-4.5532986e-09	7.616852e-09	2.3142235e-08
0.386957914285714	7.3320061e-09	5.8617378e-09	1.6116873e-10	-6.1749064e-09	-4.2382227e-09	8.1093505e-09	2.3687711e-08
0.388126971428571	6.9890471e-09	5.5157652e-09	-1.0315421e-10	-6.2715881e-09	-4.1218766e-09	8.3653822e-09	2.398736e-08
0.389296028571429	6.5457693e-09	5.0382774e-09	-5.1833321e-10	-6.5068813e-09	-4.1717905e-09	8.4117122e-09	2.405333e-08
0.390465085714286	6.0265859e-09	4.4632924e-09	-1.0411857e-09	-6.8585e-09	-4.3454995e-09	8.3119645e-09	2.395519e-08
0.391634142857143	5.416064e-09	3.8054151e-09	-1.6430484e-09	-7.3140614e-09	-4.6090745e-09	8.1356228e-09	2.3750651e-08
0.3928032	4.7108917e-09	3.0970919e-09	-2.2725981e-09	-7.7477873e-09	-4.8537596e-09	7.9660571e-09	2.3529976e-08
0.393972257142857	3.9698538e-09	2.3802467e-09	-2.8629479e-09	-8.0618383e-09	-4.9912132e-09	7.8658733e-09	2.3380117e-08
0.395141314285714	3.2470349e-09	1.6720914e-09	-3.3998311e-09	-8.2786302e-09	-5.031064e-09	7.8396862e-09	2.3303476e-08
0.396310371428571	2.5282443e-09	9.8242958e-10	-3.8995358e-09	-8.4299696e-09	-5.0021134e-09	7.8693159e-09	2.3285882e-08
0.397479428571428	1.7882056e-09	2.8899141e-10	-4.3720649e-09	-8.5574143e-09	-4.9285531e-09	7.9525657e-09	2.3311689e-08
0.398648485714286	1.0397823e-09	-4.5299264e-10	-4.8733337e-09	-8.6604128e-09	-4.8202944e-09	8.0741378e-09	2.3376298e-08
0.399817542857143	2.7236946e-10	-1.2542418e-09	-5.4355773e-09	-8.763374e-09	-4.6872102e-09	8.2185743e-09	2.3464134e-08
0.4009866	-4.6639498e-10	-2.0436197e-09	-6.0128578e-09	-8.9121279e-09	-4.5726725e-09	8.3459062e-09	2.35193e-08
0.402155657142857	-1.0980428e-09	-2.7319462e-09	-6.5359091e-09	-9.0487946e-09	-4.4585091e-09	8.4750624e-09	2.3537721e-08
0.403324714285714	-1.6459045e-09	-3.3205567e-09	-6.9679107e-09	-9.1529007e-09	-4.347374e-09	8.5728837e-09	2.346647e-08
0.404493771428571	-2.205981e-09	-3.86262e-09	-7.3558755e-09	-9.2764694e-09	-4.3010506e-09	8.5733465e-09	2.3260847e-08
0.405662828571429	-2.8273976e-09	-4.4038213e-09	-7.7377145e-09	-9.4672972e-09	-4.3752264e-09	8.445773e-09	2.2910623e-08
0.406831885714286	-3.4361571e-09	-4.9384612e-09	-8.1624529e-09	-9.7988124e-09	-4.6077497e-09	8.1433331e-09	2.2379989e-08
0.408000942857143	-3.9597348e-09	-5.4223732e-09	-8.5943022e-09	-1.0184512e-08	-4.9094413e-09	7.7613809e-09	2.1769065e-08
0.40917	-4.365484e-09	-5.808904e-09	-8.9444168e-09	-1.0487187e-08	-5.1524025e-09	7.4555615e-09	2.1260401e-08
0.410339057142857	-4.6720658e-09	-6.1241456e-09	-9.2261425e-09	-1.0715431e-08	-5.3582534e-09	7.1816255e-09	2.0848129e-08
0.411508114285714	-4.9743374e-09	-6.444171e-09	-9.508403e-09	-1.0947947e-08	-5.6046248e-09	6.850255e-09	2.0417852e-08
0.412677171428571	-5.3391167e-09	-6.8356072e-09	-9.8506439e-09	-1.1222134e-08	-5.8570762e-09	6.5168098e-09	1.9956865e-08
0.413846228571428	-5.798424e-09	-7.3088988e-09	-1.0270218e-08	-1.151944e-08	-6.0527725e-09	6.2656937e-09	1.9554101e-08
0.415015285714286	-6.356021e-09	-7.8564177e-09	-1.0731464e-08	-1.1797748e-08	-6.188571e-09	6.1040466e-09	1.9255697e-08
0.416184342857143	-6.9291586e-09	-8.4106961e-09	-1.1169241e-08	-1.2040701e-08	-6.2813315e-09	5.9884742e-09	1.8994905e-08
0.4173534	-7.423683e-09	-8.8988266e-09	-1.1537529e-08	-1.2230629e-08	-6.33004e-09	5.9253082e-09	1.8786446e-08
0.418522457142857	-7.8554487e-09	-9.288371e-09	-1.1815074e-08	-1.2328472e-08	-6.3041945e-09	5.9409073e-09	1.864176e-08
0.419691514285714	-8.3064711e-09	-9.6025063e-09	-1.1973661e-08	-1.2318006e-08	-6.1798375e-09	6.0324199e-09	1.8561716e-08
0.420860571428571	-8.7915346e-09	-9.8547517e-09	-1.2023224e-08	-1.2184342e-08	-5.9494636e-09	6.2437664e-09	1.8644073e-08
0.422029628571429	-9.2765839e-09	-1.0123431e-08	-1.2035587e-08	-1.1981204e-08	-5.6187619e-09	6.5875367e-09	1.8906118e-08
0.423198685714286	-9.7812558e-09	-1.0481726e-08	-1.2160665e-08	-1.1875601e-08	-5.3301292e-09	6.9355188e-09	1.9183259e-08
0.424367742857143	-1.0278709e-08	-1.0889793e-08	-1.242939e-08	-1.1977943e-08	-5.2406239e-09	7.1243358e-09	1.9333976e-08
0.4255368	-1.0689723e-08	-1.1282633e-08	-1.2779078e-08	-1.2218684e-08	-5.3568985e-09	7.0653963e-09	1.9283162e-08
0.426705857142857	-1.1060637e-08	-1.1646742e-08	-1.3134001e-08	-1.2489622e-08	-5.5932592e-09	6.8108545e-09	1.8988864e-08
0.427874914285714	-1.1495605e-08	-1.2011185e-08	-1.3454422e-08	-1.2771637e-08	-5.8488623e-09	6.4908825e-09	1.8496566e-08
0.429043971428571	-1.1980457e-08	-1.2438724e-08	-1.3841525e-08	-1.3124683e-08	-6.1195862e-09	6.1230212e-09	1.7838467e-08
0.430213028571429	-1.2401022e-08	-1.2890524e-08	-1.4309943e-08	-1.3557089e-08	-6.4413053e-09	5.7099245e-09	1.7119699e-08
0.431382085714286	-1.2553918e-08	-1.3196496e-08	-1.4699899e-08	-1.3881616e-08	-6.6813435e-09	5.4008402e-09	1.657293e-08
0.432551142857143	-1.233462e-08	-1.3159175e-08	-1.4755626e-08	-1.389088e-08	-6.6576491e-09	5.3413363e-09	1.6317363e-08
0.4337202	-1.1881422e-08	-1.2789793e-08	-1.444615e-08	-1.3573453e-08	-6.3526593e-09	5.5274985e-09	1.6306634e-08
0.434889257142857	-1.1430543e-08	-1.2331086e-08	-1.3982453e-08	-1.3101793e-08	-5.9022067e-09	5.8495404e-09	1.64115e-08
0.436058314285714	-1.1086841e-08	-1.1941287e-08	-1.3526859e-08	-1.2623553e-08	-5.4243046e-09	6.1918453e-09	1.6461284e-08
0.437227371428571	-1.0789709e-08	-1.1581458e-08	-1.3089773e-08	-1.2153142e-08	-4.9549769e-09	6.5181598e-09	1.6478701e-08
0.438396428571429	-1.0448953e-08	-1.1164254e-08	-1.2601693e-08	-1.1639885e-08	-4.4539572e-09	6.898071e-09	1.6603432e-08
0.439565485714286	-1.000999e-08	-1.0657511e-08	-1.2040599e-08	-1.1043208e-08	-3.8593249e-09	7.3850446e-09	1.6877964e-08
0.440734542857143	-9.4635446e-09	-1.0065825e-08	-1.139282e-08	-1.0354826e-08	-3.1748486e-09	7.9464737e-09	1.7234614e-08
0.4419036	-8.8499004e-09	-9.4056105e-09	-1.0663041e-08	-9.5913855e-09	-2.4318703e-09	8.5482625e-09	1.7587455e-08
0.443072657142857	-8.2308382e-09	-8.7164027e-09	-9.8961364e-09	-8.7957943e-09	-1.6646609e-09	9.1713686e-09	1.7927738e-08
0.444241714285714	-7.6574613e-09	-8.0589047e-09	-9.1578576e-09	-8.0406553e-09	-9.3456087e-10	9.772287e-09	1.827695e-08
0.445410771428571	-7.0881128e-09	-7.4197932e-09	-8.4555598e-09	-7.3206721e-09	-2.3401714e-10	1.0367202e-08	1.8662018e-08
0.446579828571429	-6.3834795e-09	-6.6873889e-09	-7.6925009e-09	-6.5668901e-09	4.9408394e-10	1.1011472e-08	1.9146496e-08
0.447748885714286	-5.4327223e-09	-5.7725047e-09	-6.8227672e-09	-5.7661875e-09	1.2156085e-09	1.1621263e-08	1.963849e-08
0.448917942857143	-4.2491921e-09	-4.7059947e-09	-5.8942118e-09	-4.9761821e-09	1.8467399e-09	1.2086203e-08	1.9961915e-08
0.450087	-2.8648715e-09	-3.5720706e-09	-5.0208011e-09	-4.2499577e-09	2.4428219e-09	1.2477955e-08	2.014532e-08
