7.900000000000000000e+01
-1.499999999999999944e-01
1.499999999999999944e-01
2.999999999999999889e-01
4.884427341302439718e-01
-4.116283507390576246e-01
-1.440693215895134024e-08
-1.529980045402236311e+00
-2.432416430257251621e-08
-1.082595813130643014e+00
3.809501803062328385e-09
-8.778695459466311773e-03
6.472541331780535215e-09
2.702616900265893407e-01
-4.918395423368832757e-08
3.296668643647025776e-02
-3.801089422309112206e-08
-1.712130883239224022e-02
-9.899316711897280721e-09
5.124770184215479696e-02
-2.637207191885120554e-08
1.779341590061070746e-02
-1.791551315697847540e-08
-2.347496012479797015e-02
9.434421756587861858e-08
1.738468877458052573e-03
1.704179573074205371e-07
1.920353962653102708e-02
2.601192339275663778e-08
1.847609720702761632e-03
-1.095475713308845021e-07
-8.258890113642234146e-03
-5.815432745820208321e-08
-2.899098916421269292e-03
9.722889678262192481e-08
-1.059794687876850720e-03
-8.112674522188267330e-08
-2.626269483650536373e-03
-1.218511973477180068e-07
-5.010092438081073431e-04
1.426628547502619491e-08
1.874418423652070547e-03
4.584295892634716241e-08
1.209222475418886798e-03
6.329776880857694429e-08
9.702281249097226832e-05
-1.324519615288541440e-07
5.216938821020400874e-05
1.019614423975091749e-08
1.515482338522010126e-06
1.284336658527451981e-08
-2.634835549489120848e-04
1.069830416392322889e-07
-2.036061913436900805e-04
-4.524714510471427407e-08
8.830120083794665628e-06
-2.754511280386860697e-07
4.373853941346821133e-05
8.603294922927896821e-08
6.963830107157424653e-06
3.050193837582962399e-07
1.989409489037400711e-05
-7.261914882173138904e-08
2.329624845103247475e-05
-3.581404842312021543e-07
-1.208283182935634624e-06
-4.586558185790581157e-07
-1.014073728530464620e-05
3.258310594196725092e-07
-1.115522186866209735e-06
1.684388704189298385e-07
3.968713054004411276e-06
-1.017382333162579545e-07
-7.059292144119324277e-07
-9.478281958692731487e-08
-6.339887338151003614e-06
4.644343017219208952e-08
-5.276871688096106090e-06
-1.567486129463310614e-07
-2.306619327167665498e-06
-1.445119515125496931e-07
-8.341253416337897193e-06
3.202352734179938382e-07
1.000000000000000000e+00
0.000000000000000000e+00
0.000000000000000000e+00
0.000000000000000000e+00
0.000000000000000000e+00
