3.900000000000000000e+01
0.000000000000000000e+00
2.937927999999999873e+00
1.049260000000000054e-01
1.076151739256882289e-04
-7.499560288053933599e-01
-2.544500110452338175e-05
2.931543894846924680e-01
1.649567567497486372e-05
2.132860982155190821e-05
5.892144428684905442e-06
-2.657614626594727997e-02
-7.933231537600908960e-06
1.918620752062125123e-02
4.029626134812549883e-06
6.524191093220180204e-06
4.392547899877787957e-06
-1.348844768635651739e-03
-5.145054970608104441e-06
1.363394164865848815e-03
-5.987443818174024585e-06
-2.600658532360758390e-06
1.030591856630869320e-05
-5.102192459763461863e-05
-7.687120490329508581e-06
8.390369942823557026e-05
3.166612135136530243e-06
4.632711205838219160e-06
-5.196517175509737940e-06
8.118614385356492935e-06
1.160891111997008918e-05
-2.159597369590267324e-05
-7.018415791611479657e-06
1.915403154677947084e-05
-9.564445422728955795e-06
8.287738428914420696e-06
1.872144020644151885e-05
-2.008731642942455931e-05
-6.401302620895493179e-06
4.621817127764549227e-06
-6.576025177393059258e-06
3.336191803265595168e-06
6.954582694650832575e-06
1.000000000000000000e+00
0.000000000000000000e+00
0.000000000000000000e+00
0.000000000000000000e+00
0.000000000000000000e+00
