3.900000000000000000e+01
-5.246399999999999675e-02
5.246399999999999675e-02
1.049279999999999935e-01
6.700028539768081437e-01
-4.881989234073019768e-01
1.134803021043797027e-08
1.845955076235818448e-01
-7.714678769147986370e-09
-2.133481833256706608e-02
6.026074524928744853e-10
-1.747814812272380225e-02
4.517695400133748492e-09
1.090004642170442663e-02
-5.963958604046835272e-10
-2.456406891222458200e-03
5.310990671128893631e-08
-8.372679758245887144e-04
7.967308292922323532e-08
6.581320172663711332e-04
2.303455269852562218e-08
-2.855860704632125213e-04
-1.994863496600083032e-08
-6.438281394116271428e-05
1.419735464251770739e-08
-8.326689609483572951e-07
5.471404056418013387e-08
-5.383307198988419862e-05
5.847082202280482432e-08
-2.854873219226838899e-05
-3.371873798539338161e-08
-2.817812366897112786e-05
2.195746405021174752e-08
-2.548746808607969816e-05
-8.919281083857661599e-08
-1.427153530949090698e-05
6.806532795466992640e-08
-2.431087869236847609e-05
-9.591874476884330739e-09
-1.489449530085382167e-05
-3.216722541440227508e-09
-1.216909425901663289e-05
-2.007606636797204502e-08
1.000000000000000000e+00
0.000000000000000000e+00
0.000000000000000000e+00
0.000000000000000000e+00
0.000000000000000000e+00
