3.900000000000000000e+01
0.000000000000000000e+00
2.937927999999999873e+00
1.049260000000000054e-01
1.069825101716569138e-04
3.749548994088776066e-01
6.494922731665255800e-01
-1.465901429032378522e-01
2.538689379430541515e-01
2.176154221361029789e-05
6.284093319643412699e-06
1.328080926844381338e-02
2.301854446464143486e-02
-9.595825333695698345e-03
1.661311345089948321e-02
6.680795227906322076e-06
4.211138592562733567e-06
6.700441084083411797e-04
1.170535708541093527e-03
-6.764126920002283203e-04
1.183360471870989819e-03
-2.444579685794041890e-06
1.035563963362939089e-05
1.867196457147266009e-05
4.783840789729692426e-05
-4.465468811498413820e-05
7.102070467702171195e-05
4.469315369719055464e-06
-5.309511812496660115e-06
6.064039825132844230e-06
-1.281887937521990461e-05
1.678155315690006005e-05
-1.532448840486907979e-05
1.926166900655459924e-05
-9.453266818800402403e-06
1.185933035695915100e-05
-1.646623051135815796e-05
1.557491136536769127e-05
-1.406188172248526303e-05
4.457206771532433442e-06
-6.557773135776748464e-06
4.461194152064959506e-06
-6.225924216073225721e-06
1.000000000000000000e+00
0.000000000000000000e+00
0.000000000000000000e+00
0.000000000000000000e+00
0.000000000000000000e+00
