1.000000000000000000e+00
0.000000000000000000e+00
0.000000000000000000e+00
0.000000000000000000e+00
0.000000000000000000e+00
1.190000000000000000e+02
-5.330799999999999983e-01
4.930800000000000183e-01
1.026159999999999961e+00
7.591041590761238300e-01
1.868609977806268141e-01
2.682091872490515968e-09
-4.757321165330377077e-01
5.684887955146387694e-09
-2.633030136410419719e-01
-2.006854894143264784e-10
8.313853623187880681e-02
-1.070611797812255389e-09
3.321475051421501207e-02
3.341090229863835814e-09
-4.031661449959748032e-03
2.369776532436816709e-09
7.556955848166868606e-02
7.036285084606126611e-09
4.054724211731219191e-02
-7.936792100831367902e-09
-2.786302793706878916e-02
-2.806743591834267461e-08
-1.233091007834600725e-02
-1.217501972455592800e-08
-1.119174897720995971e-03
2.721838814959257029e-08
-1.769418994800054865e-02
2.077755904585775584e-08
-6.829289709980524564e-03
-4.646115020933092636e-09
9.043271366637462005e-03
-2.746442090019821609e-08
3.462088480935395559e-03
1.228199602741261738e-08
4.563183580720370724e-04
2.115204975614395834e-08
4.274501197096040005e-03
-2.886445035908818711e-08
7.524829871389201487e-04
-3.597522167888747456e-08
-2.873936852615433229e-03
1.265427430945383409e-08
-8.385926862523612356e-04
3.018150439201976450e-08
-1.307375969269920671e-04
-9.861770283559567413e-09
-1.043573002938205348e-03
-6.638569363317742651e-09
-2.539141678318677680e-06
2.181260925133728654e-08
8.163165586349619470e-04
-9.003423485123215202e-09
1.785326517058336579e-04
-3.753464638355483354e-08
-1.856563690034658236e-05
1.661123574857591976e-08
2.709062994831280867e-04
4.304364663456682034e-08
-6.910617355493385084e-05
1.798891783545561473e-08
-3.213959741224169347e-04
-3.286348838935619527e-08
-6.268347038759497362e-05
4.787212273222930374e-08
4.537887827964001285e-05
-2.406875160068656873e-08
-7.001216859522260108e-05
-1.095299961803156004e-08
5.885527839664175154e-06
-3.184101997228505562e-08
9.164041410222326588e-05
2.207059613946726016e-08
-1.402130516570468388e-05
8.625054857993992476e-08
-7.900639942402298604e-05
1.805619295753927564e-08
9.737073198282081339e-06
-3.550991307956991812e-08
-3.242653982743254251e-05
8.042012276020853709e-09
-2.526414424397529549e-05
2.398953025379868971e-08
7.726427018393552482e-07
-1.862790936438008480e-08
3.370573510794785808e-05
-5.602210475460715757e-08
8.992064676687385906e-06
3.605531177207933672e-08
-1.697944907022564781e-05
4.762418517546935969e-08
-8.205927183491859008e-06
-3.753170800868894445e-08
-1.467850726816192628e-05
-1.356673896346512592e-08
-8.044414705195283328e-06
9.172617176240123527e-08
-3.137195660521123784e-05
5.840582206880612398e-08
-4.497354248061920198e-06
-1.304843515625573240e-07
-1.473584750518047251e-05
-1.107753724857585296e-07
1.892081859301298689e-05
5.678382310591203418e-08
-3.758110963904638180e-05
6.902574552508862828e-08
-2.312101312529922569e-05
-2.806819311369844574e-08
4.155698502430598564e-07
-3.993919840095360181e-08
2.352737197261228180e-05
1.134696617843659135e-07
-2.139500987837153890e-05
1.171558104566090013e-08
-2.058749412321949482e-05
-6.316871244282123021e-08
2.114336143041971577e-05
-9.364526670465455830e-08
-3.111815705890239199e-05
-6.426826416628191960e-08
-1.593227917014760348e-05
-1.787521807036480331e-08
