3.900000000000000000e+01
-5.245999999999999969e-02
5.245999999999999969e-02
1.049199999999999994e-01
6.700054375189918865e-01
4.881741745486060102e-01
4.965203555218818837e-10
1.845340252180662777e-01
7.051007377602712450e-10
2.129000656835397867e-02
2.269268011251317460e-09
-1.748378252340155453e-02
1.171112806569244678e-08
-1.088520113572718356e-02
1.193212386704180073e-09
-2.442328970280929507e-03
-3.533267365161954404e-09
8.464434722062904540e-04
1.865419047885929958e-11
6.594821111402513793e-04
-1.846165485999585911e-08
2.845529225656528148e-04
-2.685434756382744566e-09
-6.477918239128123434e-05
3.640255960194311131e-09
1.699621678535680438e-06
1.074652963767165714e-08
-6.547434093915143979e-05
-5.446529642144865119e-09
4.785944929319614356e-06
-8.590341447098647436e-09
-4.374407996126930206e-05
-9.582613565983586734e-09
3.972553205367878036e-05
1.982816332505383636e-08
5.138582833246373197e-06
1.493084692747011790e-08
3.138152000101625559e-05
-1.218686243859330115e-09
-1.865863541757126825e-05
-4.090018214607082091e-09
7.981115869776808395e-06
6.575819755848570664e-09
1.000000000000000000e+00
0.000000000000000000e+00
0.000000000000000000e+00
0.000000000000000000e+00
0.000000000000000000e+00
