AstraDynamic 40
1300.00
  -2.2855200e-01  -0.0000000e+00
  -2.2829374e-01  -4.6089745e-05
  -2.2803548e-01  -9.2253801e-05
  -2.2777721e-01  -1.3838071e-04
  -2.2751895e-01  -1.8445650e-04
  -2.2726069e-01  -2.3071484e-04
  -2.2700243e-01  -2.7694496e-04
  -2.2674417e-01  -3.2329640e-04
  -2.2648590e-01  -3.6968821e-04
  -2.2622764e-01  -4.1606469e-04
  -2.2596938e-01  -4.6256701e-04
  -2.2571112e-01  -5.0913360e-04
  -2.2545286e-01  -5.5571688e-04
  -2.2519459e-01  -6.0243954e-04
  -2.2493633e-01  -6.4925082e-04
  -2.2467807e-01  -6.9610383e-04
  -2.2441981e-01  -7.4311448e-04
  -2.2416155e-01  -7.9018241e-04
  -2.2390328e-01  -8.3742197e-04
  -2.2364502e-01  -8.8478601e-04
  -2.2338676e-01  -9.3222967e-04
  -2.2312850e-01  -9.7986547e-04
  -2.2287024e-01  -1.0276472e-03
  -2.2261197e-01  -1.0755308e-03
  -2.2235371e-01  -1.1236276e-03
  -2.2209545e-01  -1.1718922e-03
  -2.2183719e-01  -1.2202803e-03
  -2.2157893e-01  -1.2689032e-03
  -2.2132066e-01  -1.3177158e-03
  -2.2106240e-01  -1.3666739e-03
  -2.2080414e-01  -1.4158886e-03
  -2.2054588e-01  -1.4653155e-03
  -2.2028762e-01  -1.5149093e-03
  -2.2002935e-01  -1.5647823e-03
  -2.1977109e-01  -1.6148368e-03
  -2.1951283e-01  -1.6651866e-03
  -2.1925457e-01  -1.7157855e-03
  -2.1899631e-01  -1.7665879e-03
  -2.1873804e-01  -1.8177087e-03
  -2.1847980e-01  -1.8691017e-03
  -2.1822150e-01  -1.9207205e-03
  -2.1796330e-01  -1.9726814e-03
  -2.1770500e-01  -2.0249380e-03
  -2.1744670e-01  -2.0774428e-03
  -2.1718850e-01  -2.1303139e-03
  -2.1693020e-01  -2.1835044e-03
  -2.1667190e-01  -2.2369661e-03
  -2.1641370e-01  -2.2908183e-03
  -2.1615540e-01  -2.3449575e-03
  -2.1589720e-01  -2.3995049e-03
  -2.1563890e-01  -2.4544132e-03
  -2.1538060e-01  -2.5096304e-03
  -2.1512240e-01  -2.5652807e-03
  -2.1486410e-01  -2.6213165e-03
  -2.1460590e-01  -2.6776862e-03
  -2.1434760e-01  -2.7345137e-03
  -2.1408930e-01  -2.7917539e-03
  -2.1383110e-01  -2.8493526e-03
  -2.1357280e-01  -2.9074363e-03
  -2.1331450e-01  -2.9659574e-03
  -2.1305630e-01  -3.0248597e-03
  -2.1279800e-01  -3.0842784e-03
  -2.1253980e-01  -3.1441595e-03
  -2.1228150e-01  -3.2044488e-03
  -2.1202320e-01  -3.2652793e-03
  -2.1176500e-01  -3.3265360e-03
  -2.1150670e-01  -3.3883566e-03
  -2.1124840e-01  -3.4506846e-03
  -2.1099020e-01  -3.5134637e-03
  -2.1073190e-01  -3.5768358e-03
  -2.1047370e-01  -3.6407425e-03
  -2.1021540e-01  -3.7051295e-03
  -2.0995710e-01  -3.7701390e-03
  -2.0969890e-01  -3.8357123e-03
  -2.0944060e-01  -3.9017930e-03
  -2.0918230e-01  -3.9685255e-03
  -2.0892410e-01  -4.0358533e-03
  -2.0866580e-01  -4.1037157e-03
  -2.0840760e-01  -4.1722659e-03
  -2.0814930e-01  -4.2413663e-03
  -2.0789100e-01  -4.3111772e-03
  -2.0763280e-01  -4.3816308e-03
  -2.0737450e-01  -4.4526708e-03
  -2.0711630e-01  -4.5244505e-03
  -2.0685800e-01  -4.5969090e-03
  -2.0659970e-01  -4.6699787e-03
  -2.0634150e-01  -4.7438265e-03
  -2.0608320e-01  -4.8183846e-03
  -2.0582490e-01  -4.8935878e-03
  -2.0556670e-01  -4.9696028e-03
  -2.0530840e-01  -5.0463620e-03
  -2.0505020e-01  -5.1237979e-03
  -2.0479190e-01  -5.2020817e-03
  -2.0453360e-01  -5.2811458e-03
  -2.0427540e-01  -5.3609180e-03
  -2.0401710e-01  -5.4415789e-03
  -2.0375880e-01  -5.5229681e-03
  -2.0350060e-01  -5.6052708e-03
  -2.0324230e-01  -5.6884146e-03
  -2.0298410e-01  -5.7723252e-03
  -2.0272580e-01  -5.8571875e-03
  -2.0246750e-01  -5.9429272e-03
  -2.0220930e-01  -6.0294674e-03
  -2.0195100e-01  -6.1170022e-03
  -2.0169280e-01  -6.2054548e-03
  -2.0143450e-01  -6.2947464e-03
  -2.0117620e-01  -6.3850732e-03
  -2.0091800e-01  -6.4763562e-03
  -2.0065970e-01  -6.5685165e-03
  -2.0040140e-01  -6.6617570e-03
  -2.0014320e-01  -6.7559966e-03
  -1.9988490e-01  -6.8511519e-03
  -1.9962670e-01  -6.9474302e-03
  -1.9936840e-01  -7.0446512e-03
  -1.9911010e-01  -7.1430292e-03
  -1.9885190e-01  -7.2424784e-03
  -1.9859360e-01  -7.3429109e-03
  -1.9833530e-01  -7.4445477e-03
  -1.9807710e-01  -7.5473008e-03
  -1.9781880e-01  -7.6510778e-03
  -1.9756060e-01  -7.7561110e-03
  -1.9730230e-01  -7.8623078e-03
  -1.9704400e-01  -7.9695737e-03
  -1.9678580e-01  -8.0781431e-03
  -1.9652750e-01  -8.1879258e-03
  -1.9626920e-01  -8.2988226e-03
  -1.9601100e-01  -8.4110793e-03
  -1.9575270e-01  -8.5244771e-03
  -1.9549450e-01  -8.6392755e-03
  -1.9523620e-01  -8.7553661e-03
  -1.9497790e-01  -8.8726497e-03
  -1.9471970e-01  -8.9913879e-03
  -1.9446140e-01  -9.1114748e-03
  -1.9420320e-01  -9.2328021e-03
  -1.9394490e-01  -9.3556403e-03
  -1.9368660e-01  -9.4798836e-03
  -1.9342840e-01  -9.6054169e-03
  -1.9317010e-01  -9.7325221e-03
  -1.9291180e-01  -9.8610909e-03
  -1.9265360e-01  -9.9910016e-03
  -1.9239530e-01  -1.0122547e-02
  -1.9213710e-01  -1.0255613e-02
  -1.9187880e-01  -1.0390077e-02
  -1.9162050e-01  -1.0526239e-02
  -1.9136230e-01  -1.0663838e-02
  -1.9110400e-01  -1.0803183e-02
  -1.9084570e-01  -1.0944148e-02
  -1.9058750e-01  -1.1086607e-02
  -1.9032920e-01  -1.1230879e-02
  -1.9007100e-01  -1.1376838e-02
  -1.8981270e-01  -1.1524351e-02
  -1.8955440e-01  -1.1673747e-02
  -1.8929620e-01  -1.1824895e-02
  -1.8903790e-01  -1.1977661e-02
  -1.8877970e-01  -1.2132383e-02
  -1.8852140e-01  -1.2288926e-02
  -1.8826310e-01  -1.2447151e-02
  -1.8800490e-01  -1.2607411e-02
  -1.8774660e-01  -1.2769391e-02
  -1.8748830e-01  -1.2933462e-02
  -1.8723010e-01  -1.3099474e-02
  -1.8697180e-01  -1.3267277e-02
  -1.8671360e-01  -1.3437250e-02
  -1.8645530e-01  -1.3609239e-02
  -1.8619700e-01  -1.3783091e-02
  -1.8593880e-01  -1.3959198e-02
  -1.8568050e-01  -1.4137398e-02
  -1.8542220e-01  -1.4317537e-02
  -1.8516400e-01  -1.4500013e-02
  -1.8490570e-01  -1.4684669e-02
  -1.8464750e-01  -1.4871338e-02
  -1.8438920e-01  -1.5060432e-02
  -1.8413090e-01  -1.5251794e-02
  -1.8387270e-01  -1.5445244e-02
  -1.8361440e-01  -1.5641217e-02
  -1.8335610e-01  -1.5839333e-02
  -1.8309790e-01  -1.6040038e-02
  -1.8283960e-01  -1.6243153e-02
  -1.8258140e-01  -1.6448497e-02
  -1.8232310e-01  -1.6656527e-02
  -1.8206480e-01  -1.6867063e-02
  -1.8180660e-01  -1.7079910e-02
  -1.8154830e-01  -1.7295549e-02
  -1.8129010e-01  -1.7513788e-02
  -1.8103180e-01  -1.7734431e-02
  -1.8077350e-01  -1.7957973e-02
  -1.8051530e-01  -1.8184214e-02
  -1.8025700e-01  -1.8412953e-02
  -1.7999870e-01  -1.8644699e-02
  -1.7974050e-01  -1.8879003e-02
  -1.7948220e-01  -1.9116398e-02
  -1.7922400e-01  -1.9356664e-02
  -1.7896570e-01  -1.9599589e-02
  -1.7870740e-01  -1.9845721e-02
  -1.7844920e-01  -2.0094837e-02
  -1.7819090e-01  -2.0346716e-02
  -1.7793260e-01  -2.0601918e-02
  -1.7767440e-01  -2.0860224e-02
  -1.7741610e-01  -2.1121396e-02
  -1.7715790e-01  -2.1386022e-02
  -1.7689960e-01  -2.1653867e-02
  -1.7664130e-01  -2.1924692e-02
  -1.7638310e-01  -2.2199100e-02
  -1.7612480e-01  -2.2476851e-02
  -1.7586660e-01  -2.2757691e-02
  -1.7560830e-01  -2.3042257e-02
  -1.7535000e-01  -2.3330002e-02
  -1.7509180e-01  -2.3621537e-02
  -1.7483350e-01  -2.3916657e-02
  -1.7457520e-01  -2.4215048e-02
  -1.7431700e-01  -2.4517430e-02
  -1.7405870e-01  -2.4823488e-02
  -1.7380050e-01  -2.5132952e-02
  -1.7354220e-01  -2.5446543e-02
  -1.7328390e-01  -2.5763967e-02
  -1.7302570e-01  -2.6084955e-02
  -1.7276740e-01  -2.6410206e-02
  -1.7250910e-01  -2.6739425e-02
  -1.7225090e-01  -2.7072343e-02
  -1.7199260e-01  -2.7409682e-02
  -1.7173440e-01  -2.7751170e-02
  -1.7147610e-01  -2.8096492e-02
  -1.7121780e-01  -2.8446392e-02
  -1.7095960e-01  -2.8800216e-02
  -1.7070130e-01  -2.9158776e-02
  -1.7044300e-01  -2.9521712e-02
  -1.7018480e-01  -2.9888751e-02
  -1.6992650e-01  -3.0260663e-02
  -1.6966830e-01  -3.0637152e-02
  -1.6941000e-01  -3.1017881e-02
  -1.6915170e-01  -3.1403685e-02
  -1.6889350e-01  -3.1794224e-02
  -1.6863520e-01  -3.2189161e-02
  -1.6837700e-01  -3.2589376e-02
  -1.6811870e-01  -3.2994529e-02
  -1.6786040e-01  -3.3404215e-02
  -1.6760220e-01  -3.3819405e-02
  -1.6734390e-01  -3.4239240e-02
  -1.6708560e-01  -3.4664713e-02
  -1.6682740e-01  -3.5095418e-02
  -1.6656910e-01  -3.5530995e-02
  -1.6631090e-01  -3.5972390e-02
  -1.6605260e-01  -3.6419220e-02
  -1.6579430e-01  -3.6871079e-02
  -1.6553610e-01  -3.7329005e-02
  -1.6527780e-01  -3.7792592e-02
  -1.6501950e-01  -3.8261388e-02
  -1.6476130e-01  -3.8736499e-02
  -1.6450300e-01  -3.9217451e-02
  -1.6424480e-01  -3.9703838e-02
  -1.6398650e-01  -4.0196742e-02
  -1.6372820e-01  -4.0695736e-02
  -1.6347000e-01  -4.1200368e-02
  -1.6321170e-01  -4.1711766e-02
  -1.6295350e-01  -4.2228959e-02
  -1.6269520e-01  -4.2753077e-02
  -1.6243690e-01  -4.3283689e-02
  -1.6217870e-01  -4.3820300e-02
  -1.6192040e-01  -4.4364128e-02
  -1.6166210e-01  -4.4914654e-02
  -1.6140390e-01  -4.5471427e-02
  -1.6114560e-01  -4.6035687e-02
  -1.6088740e-01  -4.6606939e-02
  -1.6062910e-01  -4.7184641e-02
  -1.6037080e-01  -4.7770100e-02
  -1.6011260e-01  -4.8362844e-02
  -1.5985430e-01  -4.8962264e-02
  -1.5959600e-01  -4.9569780e-02
  -1.5933780e-01  -5.0184151e-02
  -1.5907950e-01  -5.0806800e-02
  -1.5882130e-01  -5.1437161e-02
  -1.5856300e-01  -5.2074649e-02
  -1.5830470e-01  -5.2720752e-02
  -1.5804650e-01  -5.3374861e-02
  -1.5778820e-01  -5.4036368e-02
  -1.5752990e-01  -5.4706782e-02
  -1.5727170e-01  -5.5385518e-02
  -1.5701340e-01  -5.6071967e-02
  -1.5675520e-01  -5.6767640e-02
  -1.5649690e-01  -5.7471951e-02
  -1.5623860e-01  -5.8184268e-02
  -1.5598040e-01  -5.8906169e-02
  -1.5572210e-01  -5.9637024e-02
  -1.5546390e-01  -6.0376178e-02
  -1.5520560e-01  -6.1125278e-02
  -1.5494730e-01  -6.1882902e-02
  -1.5468910e-01  -6.2650720e-02
  -1.5443080e-01  -6.3428078e-02
  -1.5417250e-01  -6.4214254e-02
  -1.5391430e-01  -6.5011029e-02
  -1.5365600e-01  -6.5817705e-02
  -1.5339780e-01  -6.6633515e-02
  -1.5313950e-01  -6.7460330e-02
  -1.5288120e-01  -6.8297429e-02
  -1.5262300e-01  -6.9144022e-02
  -1.5236470e-01  -7.0002005e-02
  -1.5210640e-01  -7.0870655e-02
  -1.5184820e-01  -7.1749182e-02
  -1.5158990e-01  -7.2639528e-02
  -1.5133170e-01  -7.3540923e-02
  -1.5107340e-01  -7.4452558e-02
  -1.5081510e-01  -7.5376461e-02
  -1.5055690e-01  -7.6310851e-02
  -1.5029860e-01  -7.7257848e-02
  -1.5004040e-01  -7.8216549e-02
  -1.4978210e-01  -7.9186166e-02
  -1.4952380e-01  -8.0168818e-02
  -1.4926560e-01  -8.1163648e-02
  -1.4900730e-01  -8.2169800e-02
  -1.4874900e-01  -8.3189438e-02
  -1.4849080e-01  -8.4221728e-02
  -1.4823250e-01  -8.5265745e-02
  -1.4797430e-01  -8.6323744e-02
  -1.4771600e-01  -8.7394869e-02
  -1.4745770e-01  -8.8478150e-02
  -1.4719950e-01  -8.9575932e-02
  -1.4694120e-01  -9.0686163e-02
  -1.4668290e-01  -9.1811301e-02
  -1.4642470e-01  -9.2950331e-02
  -1.4616640e-01  -9.4102238e-02
  -1.4590820e-01  -9.5269594e-02
  -1.4564990e-01  -9.6451339e-02
  -1.4539160e-01  -9.7646479e-02
  -1.4513340e-01  -9.8857564e-02
  -1.4487510e-01  -1.0008358e-01
  -1.4461690e-01  -1.0132346e-01
  -1.4435860e-01  -1.0257986e-01
  -1.4410030e-01  -1.0385170e-01
  -1.4384210e-01  -1.0513793e-01
  -1.4358380e-01  -1.0644125e-01
  -1.4332550e-01  -1.0776057e-01
  -1.4306730e-01  -1.0909476e-01
  -1.4280900e-01  -1.1044664e-01
  -1.4255080e-01  -1.1181375e-01
  -1.4229250e-01  -1.1319893e-01
  -1.4203420e-01  -1.1460106e-01
  -1.4177600e-01  -1.1601895e-01
  -1.4151770e-01  -1.1745554e-01
  -1.4125940e-01  -1.1890962e-01
  -1.4100120e-01  -1.2038002e-01
  -1.4074290e-01  -1.2186974e-01
  -1.4048470e-01  -1.2337754e-01
  -1.4022640e-01  -1.2490222e-01
  -1.3996810e-01  -1.2644683e-01
  -1.3970990e-01  -1.2801014e-01
  -1.3945160e-01  -1.2959090e-01
  -1.3919330e-01  -1.3119219e-01
  -1.3893510e-01  -1.3281131e-01
  -1.3867680e-01  -1.3445146e-01
  -1.3841860e-01  -1.3611127e-01
  -1.3816030e-01  -1.3778950e-01
  -1.3790200e-01  -1.3948936e-01
  -1.3764380e-01  -1.4120955e-01
  -1.3738550e-01  -1.4294874e-01
  -1.3712730e-01  -1.4471019e-01
  -1.3686900e-01  -1.4649258e-01
  -1.3661070e-01  -1.4829458e-01
  -1.3635250e-01  -1.5011945e-01
  -1.3609420e-01  -1.5196590e-01
  -1.3583590e-01  -1.5383256e-01
  -1.3557770e-01  -1.5572274e-01
  -1.3531940e-01  -1.5763507e-01
  -1.3506120e-01  -1.5956826e-01
  -1.3480290e-01  -1.6152556e-01
  -1.3454460e-01  -1.6350408e-01
  -1.3428640e-01  -1.6550718e-01
  -1.3402810e-01  -1.6753344e-01
  -1.3376980e-01  -1.6958152e-01
  -1.3351160e-01  -1.7165478e-01
  -1.3325330e-01  -1.7375181e-01
  -1.3299510e-01  -1.7587124e-01
  -1.3273680e-01  -1.7801642e-01
  -1.3247850e-01  -1.8018596e-01
  -1.3222030e-01  -1.8237850e-01
  -1.3196200e-01  -1.8459734e-01
  -1.3170380e-01  -1.8684107e-01
  -1.3144550e-01  -1.8910842e-01
  -1.3118720e-01  -1.9140258e-01
  -1.3092900e-01  -1.9372065e-01
  -1.3067070e-01  -1.9606594e-01
  -1.3041240e-01  -1.9843701e-01
  -1.3015420e-01  -2.0083254e-01
  -1.2989590e-01  -2.0325577e-01
  -1.2963770e-01  -2.0570523e-01
  -1.2937940e-01  -2.0817972e-01
  -1.2912110e-01  -2.1068229e-01
  -1.2886290e-01  -2.1321156e-01
  -1.2860460e-01  -2.1576636e-01
  -1.2834600e-01  -2.1834960e-01
  -1.2808800e-01  -2.2095997e-01
  -1.2783000e-01  -2.2359632e-01
  -1.2757200e-01  -2.2626143e-01
  -1.2731300e-01  -2.2895396e-01
  -1.2705500e-01  -2.3167310e-01
  -1.2679700e-01  -2.3442110e-01
  -1.2653900e-01  -2.3719550e-01
  -1.2628000e-01  -2.3999943e-01
  -1.2602200e-01  -2.4283111e-01
  -1.2576400e-01  -2.4568985e-01
  -1.2550500e-01  -2.4857790e-01
  -1.2524700e-01  -2.5149415e-01
  -1.2498900e-01  -2.5443769e-01
  -1.2473100e-01  -2.5741054e-01
  -1.2447200e-01  -2.6041159e-01
  -1.2421400e-01  -2.6344037e-01
  -1.2395600e-01  -2.6649825e-01
  -1.2369800e-01  -2.6958454e-01
  -1.2343900e-01  -2.7269857e-01
  -1.2318100e-01  -2.7584192e-01
  -1.2292300e-01  -2.7901346e-01
  -1.2266500e-01  -2.8221274e-01
  -1.2240600e-01  -2.8544111e-01
  -1.2214800e-01  -2.8869700e-01
  -1.2189000e-01  -2.9198198e-01
  -1.2163200e-01  -2.9529492e-01
  -1.2137300e-01  -2.9863538e-01
  -1.2111500e-01  -3.0200448e-01
  -1.2085700e-01  -3.0540154e-01
  -1.2059800e-01  -3.0882589e-01
  -1.2034000e-01  -3.1227821e-01
  -1.2008200e-01  -3.1575827e-01
  -1.1982400e-01  -3.1926539e-01
  -1.1956500e-01  -3.2279980e-01
  -1.1930700e-01  -3.2636149e-01
  -1.1904900e-01  -3.2994980e-01
  -1.1879100e-01  -3.3356495e-01
  -1.1853200e-01  -3.3720670e-01
  -1.1827400e-01  -3.4087462e-01
  -1.1801600e-01  -3.4456847e-01
  -1.1775800e-01  -3.4828849e-01
  -1.1749900e-01  -3.5203376e-01
  -1.1724100e-01  -3.5580407e-01
  -1.1698300e-01  -3.5960008e-01
  -1.1672500e-01  -3.6342023e-01
  -1.1646600e-01  -3.6726473e-01
  -1.1620800e-01  -3.7113382e-01
  -1.1595000e-01  -3.7502613e-01
  -1.1569200e-01  -3.7894190e-01
  -1.1543300e-01  -3.8288135e-01
  -1.1517500e-01  -3.8684290e-01
  -1.1491700e-01  -3.9082655e-01
  -1.1465800e-01  -3.9483298e-01
  -1.1440000e-01  -3.9886016e-01
  -1.1414200e-01  -4.0290944e-01
  -1.1388400e-01  -4.0697834e-01
  -1.1362500e-01  -4.1106731e-01
  -1.1336700e-01  -4.1517748e-01
  -1.1310900e-01  -4.1930546e-01
  -1.1285100e-01  -4.2345262e-01
  -1.1259200e-01  -4.2761917e-01
  -1.1233400e-01  -4.3180241e-01
  -1.1207600e-01  -4.3600302e-01
  -1.1181800e-01  -4.4022189e-01
  -1.1155900e-01  -4.4445565e-01
  -1.1130100e-01  -4.4870519e-01
  -1.1104300e-01  -4.5297165e-01
  -1.1078500e-01  -4.5725096e-01
  -1.1052600e-01  -4.6154629e-01
  -1.1026800e-01  -4.6585356e-01
  -1.1001000e-01  -4.7017370e-01
  -1.0975100e-01  -4.7450804e-01
  -1.0949300e-01  -4.7885253e-01
  -1.0923500e-01  -4.8320807e-01
  -1.0897700e-01  -4.8757624e-01
  -1.0871800e-01  -4.9195230e-01
  -1.0846000e-01  -4.9633806e-01
  -1.0820200e-01  -5.0073419e-01
  -1.0794400e-01  -5.0513687e-01
  -1.0768500e-01  -5.0954676e-01
  -1.0742700e-01  -5.1396567e-01
  -1.0716900e-01  -5.1838887e-01
  -1.0691100e-01  -5.2281748e-01
  -1.0665200e-01  -5.2725330e-01
  -1.0639400e-01  -5.3169116e-01
  -1.0613600e-01  -5.3613465e-01
  -1.0587800e-01  -5.4057928e-01
  -1.0561900e-01  -5.4502615e-01
  -1.0536100e-01  -5.4947664e-01
  -1.0510300e-01  -5.5392622e-01
  -1.0484500e-01  -5.5837603e-01
  -1.0458600e-01  -5.6282787e-01
  -1.0432800e-01  -5.6727632e-01
  -1.0407000e-01  -5.7172343e-01
  -1.0381100e-01  -5.7617008e-01
  -1.0355300e-01  -5.8061199e-01
  -1.0329500e-01  -5.8505030e-01
  -1.0303700e-01  -5.8948635e-01
  -1.0277800e-01  -5.9391541e-01
  -1.0252000e-01  -5.9833906e-01
  -1.0226200e-01  -6.0275843e-01
  -1.0200400e-01  -6.0716922e-01
  -1.0174500e-01  -6.1157437e-01
  -1.0148700e-01  -6.1596983e-01
  -1.0122900e-01  -6.2035649e-01
  -1.0097100e-01  -6.2473571e-01
  -1.0071200e-01  -6.2910321e-01
  -1.0045400e-01  -6.3346010e-01
  -1.0019600e-01  -6.3780797e-01
  -9.9938000e-02  -6.4214231e-01
  -9.9679000e-02  -6.4646425e-01
  -9.9421000e-02  -6.5077514e-01
  -9.9163000e-02  -6.5507114e-01
  -9.8904000e-02  -6.5935293e-01
  -9.8646000e-02  -6.6362210e-01
  -9.8388000e-02  -6.6787435e-01
  -9.8130000e-02  -6.7211261e-01
  -9.7871000e-02  -6.7633329e-01
  -9.7613000e-02  -6.8053750e-01
  -9.7355000e-02  -6.8472571e-01
  -9.7097000e-02  -6.8889519e-01
  -9.6838000e-02  -6.9304640e-01
  -9.6580000e-02  -6.9718025e-01
  -9.6322000e-02  -7.0129381e-01
  -9.6064000e-02  -7.0538774e-01
  -9.5805000e-02  -7.0946273e-01
  -9.5547000e-02  -7.1351629e-01
  -9.5289000e-02  -7.1754911e-01
  -9.5031000e-02  -7.2156140e-01
  -9.4772000e-02  -7.2555114e-01
  -9.4514000e-02  -7.2951855e-01
  -9.4256000e-02  -7.3346454e-01
  -9.3997000e-02  -7.3738663e-01
  -9.3739000e-02  -7.4128616e-01
  -9.3481000e-02  -7.4516133e-01
  -9.3223000e-02  -7.4901260e-01
  -9.2964000e-02  -7.5284019e-01
  -9.2706000e-02  -7.5664229e-01
  -9.2448000e-02  -7.6041959e-01
  -9.2190000e-02  -7.6417186e-01
  -9.1931000e-02  -7.6789818e-01
  -9.1673000e-02  -7.7159858e-01
  -9.1415000e-02  -7.7527304e-01
  -9.1157000e-02  -7.7892066e-01
  -9.0898000e-02  -7.8254167e-01
  -9.0640000e-02  -7.8613584e-01
  -9.0382000e-02  -7.8970250e-01
  -9.0124000e-02  -7.9324187e-01
  -8.9865000e-02  -7.9675327e-01
  -8.9607000e-02  -8.0023694e-01
  -8.9349000e-02  -8.0369218e-01
  -8.9091000e-02  -8.0711924e-01
  -8.8832000e-02  -8.1051789e-01
  -8.8574000e-02  -8.1388744e-01
  -8.8316000e-02  -8.1722834e-01
  -8.8057000e-02  -8.2054016e-01
  -8.7799000e-02  -8.2382243e-01
  -8.7541000e-02  -8.2707561e-01
  -8.7283000e-02  -8.3029925e-01
  -8.7024000e-02  -8.3349289e-01
  -8.6766000e-02  -8.3665699e-01
  -8.6508000e-02  -8.3979132e-01
  -8.6250000e-02  -8.4289498e-01
  -8.5991000e-02  -8.4596909e-01
  -8.5733000e-02  -8.4901231e-01
  -8.5475000e-02  -8.5202576e-01
  -8.5217000e-02  -8.5500876e-01
  -8.4958000e-02  -8.5796086e-01
  -8.4700000e-02  -8.6088275e-01
  -8.4442000e-02  -8.6377396e-01
  -8.4184000e-02  -8.6663383e-01
  -8.3925000e-02  -8.6946370e-01
  -8.3667000e-02  -8.7226245e-01
  -8.3409000e-02  -8.7503008e-01
  -8.3150000e-02  -8.7776704e-01
  -8.2892000e-02  -8.8047332e-01
  -8.2634000e-02  -8.8314781e-01
  -8.2376000e-02  -8.8579207e-01
  -8.2117000e-02  -8.8840454e-01
  -8.1859000e-02  -8.9098656e-01
  -8.1601000e-02  -8.9353768e-01
  -8.1343000e-02  -8.9605679e-01
  -8.1084000e-02  -8.9854567e-01
  -8.0826000e-02  -9.0100365e-01
  -8.0568000e-02  -9.0342961e-01
  -8.0310000e-02  -9.0582512e-01
  -8.0051000e-02  -9.0818974e-01
  -7.9793000e-02  -9.1052255e-01
  -7.9535000e-02  -9.1282515e-01
  -7.9277000e-02  -9.1509663e-01
  -7.9018000e-02  -9.1733653e-01
  -7.8760000e-02  -9.1954598e-01
  -7.8502000e-02  -9.2172477e-01
  -7.8244000e-02  -9.2387153e-01
  -7.7985000e-02  -9.2598852e-01
  -7.7727000e-02  -9.2807371e-01
  -7.7469000e-02  -9.3012891e-01
  -7.7210000e-02  -9.3215321e-01
  -7.6952000e-02  -9.3414617e-01
  -7.6694000e-02  -9.3610912e-01
  -7.6436000e-02  -9.3804141e-01
  -7.6177000e-02  -9.3994235e-01
  -7.5919000e-02  -9.4181352e-01
  -7.5661000e-02  -9.4365425e-01
  -7.5403000e-02  -9.4546362e-01
  -7.5144000e-02  -9.4724323e-01
  -7.4886000e-02  -9.4899262e-01
  -7.4628000e-02  -9.5071088e-01
  -7.4370000e-02  -9.5239961e-01
  -7.4111000e-02  -9.5405811e-01
  -7.3853000e-02  -9.5568571e-01
  -7.3595000e-02  -9.5728377e-01
  -7.3337000e-02  -9.5885116e-01
  -7.3078000e-02  -9.6038946e-01
  -7.2820000e-02  -9.6189754e-01
  -7.2562000e-02  -9.6337494e-01
  -7.2303000e-02  -9.6482326e-01
  -7.2045000e-02  -9.6624158e-01
  -7.1787000e-02  -9.6762968e-01
  -7.1529000e-02  -9.6898868e-01
  -7.1270000e-02  -9.7031792e-01
  -7.1012000e-02  -9.7161694e-01
  -7.0754000e-02  -9.7288708e-01
  -7.0496000e-02  -9.7412747e-01
  -7.0237000e-02  -9.7533785e-01
  -6.9979000e-02  -9.7651960e-01
  -6.9721000e-02  -9.7767112e-01
  -6.9463000e-02  -9.7879400e-01
  -6.9204000e-02  -9.7988757e-01
  -6.8946000e-02  -9.8095136e-01
  -6.8688000e-02  -9.8198629e-01
  -6.8430000e-02  -9.8299213e-01
  -6.8171000e-02  -9.8396842e-01
  -6.7913000e-02  -9.8491607e-01
  -6.7655000e-02  -9.8583440e-01
  -6.7397000e-02  -9.8672342e-01
  -6.7138000e-02  -9.8758402e-01
  -6.6880000e-02  -9.8841530e-01
  -6.6622000e-02  -9.8921748e-01
  -6.6363000e-02  -9.8999103e-01
  -6.6105000e-02  -9.9073571e-01
  -6.5847000e-02  -9.9145130e-01
  -6.5589000e-02  -9.9213824e-01
  -6.5330000e-02  -9.9279610e-01
  -6.5072000e-02  -9.9342553e-01
  -6.4814000e-02  -9.9402610e-01
  -6.4556000e-02  -9.9459758e-01
  -6.4297000e-02  -9.9514064e-01
  -6.4039000e-02  -9.9565483e-01
  -6.3781000e-02  -9.9614016e-01
  -6.3523000e-02  -9.9659707e-01
  -6.3264000e-02  -9.9702512e-01
  -6.3006000e-02  -9.9742429e-01
  -6.2748000e-02  -9.9779483e-01
  -6.2490000e-02  -9.9813672e-01
  -6.2231000e-02  -9.9844998e-01
  -6.1973000e-02  -9.9873436e-01
  -6.1715000e-02  -9.9899010e-01
  -6.1456000e-02  -9.9921721e-01
  -6.1198000e-02  -9.9941522e-01
  -6.0940000e-02  -9.9958481e-01
  -6.0682000e-02  -9.9972554e-01
  -6.0423000e-02  -9.9983740e-01
  -6.0165000e-02  -9.9992039e-01
  -5.9907000e-02  -9.9997474e-01
  -5.9649000e-02  -1.0000000e+00
  -5.9390000e-02  -9.9999662e-01
  -5.9132000e-02  -9.9996414e-01
  -5.8874000e-02  -9.9990257e-01
  -5.8616000e-02  -9.9981236e-01
  -5.8357000e-02  -9.9969284e-01
  -5.8099000e-02  -9.9954422e-01
  -5.7841000e-02  -9.9936673e-01
  -5.7583000e-02  -9.9915992e-01
  -5.7324000e-02  -9.9892403e-01
  -5.7066000e-02  -9.9865858e-01
  -5.6808000e-02  -9.9836383e-01
  -5.6550000e-02  -9.9804020e-01
  -5.6291000e-02  -9.9768658e-01
  -5.6033000e-02  -9.9730364e-01
  -5.5775000e-02  -9.9689138e-01
  -5.5516000e-02  -9.9644935e-01
  -5.5258000e-02  -9.9597733e-01
  -5.5000000e-02  -9.9547599e-01
  -5.4742000e-02  -9.9494466e-01
  -5.4483000e-02  -9.9438311e-01
  -5.4225000e-02  -9.9379223e-01
  -5.3967000e-02  -9.9317046e-01
  -5.3709000e-02  -9.9251870e-01
  -5.3450000e-02  -9.9183739e-01
  -5.3192000e-02  -9.9112496e-01
  -5.2934000e-02  -9.9038277e-01
  -5.2676000e-02  -9.8960944e-01
  -5.2417000e-02  -9.8880545e-01
  -5.2159000e-02  -9.8797147e-01
  -5.1901000e-02  -9.8710568e-01
  -5.1643000e-02  -9.8620922e-01
  -5.1384000e-02  -9.8528232e-01
  -5.1126000e-02  -9.8432339e-01
  -5.0868000e-02  -9.8333312e-01
  -5.0609000e-02  -9.8231240e-01
  -5.0351000e-02  -9.8125920e-01
  -5.0093000e-02  -9.8017443e-01
  -4.9835000e-02  -9.7905877e-01
  -4.9576000e-02  -9.7791018e-01
  -4.9318000e-02  -9.7673046e-01
  -4.9060000e-02  -9.7551782e-01
  -4.8802000e-02  -9.7427248e-01
  -4.8543000e-02  -9.7299601e-01
  -4.8285000e-02  -9.7168572e-01
  -4.8027000e-02  -9.7034273e-01
  -4.7769000e-02  -9.6896771e-01
  -4.7510000e-02  -9.6755886e-01
  -4.7252000e-02  -9.6611641e-01
  -4.6994000e-02  -9.6464194e-01
  -4.6736000e-02  -9.6313273e-01
  -4.6477000e-02  -9.6158992e-01
  -4.6219000e-02  -9.6001419e-01
  -4.5961000e-02  -9.5840350e-01
  -4.5703000e-02  -9.5675830e-01
  -4.5444000e-02  -9.5508018e-01
  -4.5186000e-02  -9.5336620e-01
  -4.4928000e-02  -9.5161884e-01
  -4.4669000e-02  -9.4983518e-01
  -4.4411000e-02  -9.4801633e-01
  -4.4153000e-02  -9.4616365e-01
  -4.3895000e-02  -9.4427421e-01
  -4.3636000e-02  -9.4234892e-01
  -4.3378000e-02  -9.4038934e-01
  -4.3120000e-02  -9.3839210e-01
  -4.2862000e-02  -9.3635878e-01
  -4.2603000e-02  -9.3429050e-01
  -4.2345000e-02  -9.3218388e-01
  -4.2087000e-02  -9.3004051e-01
  -4.1829000e-02  -9.2786172e-01
  -4.1570000e-02  -9.2564415e-01
  -4.1312000e-02  -9.2339049e-01
  -4.1054000e-02  -9.2109759e-01
  -4.0796000e-02  -9.1876680e-01
  -4.0537000e-02  -9.1639970e-01
  -4.0279000e-02  -9.1399246e-01
  -4.0021000e-02  -9.1154666e-01
  -3.9762000e-02  -9.0906387e-01
  -3.9504000e-02  -9.0654048e-01
  -3.9246000e-02  -9.0397763e-01
  -3.8988000e-02  -9.0137734e-01
  -3.8729000e-02  -8.9873556e-01
  -3.8471000e-02  -8.9605385e-01
  -3.8213000e-02  -8.9333381e-01
  -3.7955000e-02  -8.9057160e-01
  -3.7696000e-02  -8.8776879e-01
  -3.7438000e-02  -8.8492741e-01
  -3.7180000e-02  -8.8204274e-01
  -3.6922000e-02  -8.7911882e-01
  -3.6663000e-02  -8.7615161e-01
  -3.6405000e-02  -8.7314267e-01
  -3.6147000e-02  -8.7009359e-01
  -3.5889000e-02  -8.6700053e-01
  -3.5630000e-02  -8.6386485e-01
  -3.5372000e-02  -8.6068880e-01
  -3.5114000e-02  -8.5746764e-01
  -3.4856000e-02  -8.5420364e-01
  -3.4597000e-02  -8.5089814e-01
  -3.4339000e-02  -8.4754708e-01
  -3.4081000e-02  -8.4415227e-01
  -3.3822000e-02  -8.4071551e-01
  -3.3564000e-02  -8.3723230e-01
  -3.3306000e-02  -8.3370691e-01
  -3.3048000e-02  -8.3013462e-01
  -3.2789000e-02  -8.2651744e-01
  -3.2531000e-02  -8.2285742e-01
  -3.2273000e-02  -8.1914958e-01
  -3.2015000e-02  -8.1539642e-01
  -3.1756000e-02  -8.1159950e-01
  -3.1498000e-02  -8.0775454e-01
  -3.1240000e-02  -8.0386336e-01
  -3.0982000e-02  -7.9992797e-01
  -3.0723000e-02  -7.9594364e-01
  -3.0465000e-02  -7.9191263e-01
  -3.0207000e-02  -7.8783674e-01
  -2.9949000e-02  -7.8371146e-01
  -2.9690000e-02  -7.7953882e-01
  -2.9432000e-02  -7.7532085e-01
  -2.9174000e-02  -7.7105281e-01
  -2.8915000e-02  -7.6673899e-01
  -2.8657000e-02  -7.6237488e-01
  -2.8399000e-02  -7.5796274e-01
  -2.8141000e-02  -7.5350391e-01
  -2.7882000e-02  -7.4899456e-01
  -2.7624000e-02  -7.4443650e-01
  -2.7366000e-02  -7.3983153e-01
  -2.7108000e-02  -7.3517559e-01
  -2.6849000e-02  -7.3047026e-01
  -2.6591000e-02  -7.2571780e-01
  -2.6333000e-02  -7.2091370e-01
  -2.6075000e-02  -7.1606043e-01
  -2.5816000e-02  -7.1115912e-01
  -2.5558000e-02  -7.0620617e-01
  -2.5300000e-02  -7.0120337e-01
  -2.5042000e-02  -6.9615254e-01
  -2.4783000e-02  -6.9104984e-01
  -2.4525000e-02  -6.8589888e-01
  -2.4267000e-02  -6.8069605e-01
  -2.4008000e-02  -6.7544292e-01
  -2.3750000e-02  -6.7014109e-01
  -2.3492000e-02  -6.6478760e-01
  -2.3234000e-02  -6.5938360e-01
  -2.2975000e-02  -6.5393089e-01
  -2.2717000e-02  -6.4842631e-01
  -2.2459000e-02  -6.4287143e-01
  -2.2201000e-02  -6.3726762e-01
  -2.1942000e-02  -6.3161193e-01
  -2.1684000e-02  -6.2590618e-01
  -2.1426000e-02  -6.2015149e-01
  -2.1168000e-02  -6.1434538e-01
  -2.0909000e-02  -6.0849034e-01
  -2.0651000e-02  -6.0258410e-01
  -2.0393000e-02  -5.9662801e-01
  -2.0135000e-02  -5.9062299e-01
  -1.9876000e-02  -5.8456746e-01
  -1.9618000e-02  -5.7846208e-01
  -1.9360000e-02  -5.7230844e-01
  -1.9102000e-02  -5.6610450e-01
  -1.8843000e-02  -5.5985141e-01
  -1.8585000e-02  -5.5355027e-01
  -1.8327000e-02  -5.4719953e-01
  -1.8068000e-02  -5.4080029e-01
  -1.7810000e-02  -5.3435324e-01
  -1.7552000e-02  -5.2785748e-01
  -1.7294000e-02  -5.2131414e-01
  -1.7035000e-02  -5.1472343e-01
  -1.6777000e-02  -5.0808491e-01
  -1.6519000e-02  -5.0139994e-01
  -1.6261000e-02  -4.9466783e-01
  -1.6002000e-02  -4.8788926e-01
  -1.5744000e-02  -4.8106491e-01
  -1.5486000e-02  -4.7419456e-01
  -1.5228000e-02  -4.6727910e-01
  -1.4969000e-02  -4.6031853e-01
  -1.4711000e-02  -4.5331332e-01
  -1.4453000e-02  -4.4626412e-01
  -1.4195000e-02  -4.3917072e-01
  -1.3936000e-02  -4.3203447e-01
  -1.3678000e-02  -4.2485515e-01
  -1.3420000e-02  -4.1763321e-01
  -1.3161000e-02  -4.1036976e-01
  -1.2903000e-02  -4.0306415e-01
  -1.2645000e-02  -3.9571839e-01
  -1.2387000e-02  -3.8833226e-01
  -1.2128000e-02  -3.8090531e-01
  -1.1870000e-02  -3.7344025e-01
  -1.1612000e-02  -3.6593617e-01
  -1.1354000e-02  -3.5839308e-01
  -1.1095000e-02  -3.5081368e-01
  -1.0837000e-02  -3.4319729e-01
  -1.0579000e-02  -3.3554324e-01
  -1.0321000e-02  -3.2785491e-01
  -1.0062000e-02  -3.2013185e-01
  -9.8040000e-03  -3.1237293e-01
  -9.5460000e-03  -3.0458176e-01
  -9.2880000e-03  -2.9675789e-01
  -9.0290000e-03  -2.8889997e-01
  -8.7710000e-03  -2.8101250e-01
  -8.5130000e-03  -2.7309233e-01
  -8.2550000e-03  -2.6514398e-01
  -7.9960000e-03  -2.5716652e-01
  -7.7380000e-03  -2.4915885e-01
  -7.4800000e-03  -2.4112525e-01
  -7.2210000e-03  -2.3306503e-01
  -6.9630000e-03  -2.2497669e-01
  -6.7050000e-03  -2.1686518e-01
  -6.4470000e-03  -2.0872939e-01
  -6.1880000e-03  -2.0056787e-01
  -5.9300000e-03  -1.9238591e-01
  -5.6720000e-03  -1.8418224e-01
  -5.4140000e-03  -1.7595529e-01
  -5.1550000e-03  -1.6771066e-01
  -4.8970000e-03  -1.5944702e-01
  -4.6390000e-03  -1.5116259e-01
  -4.3810000e-03  -1.4286336e-01
  -4.1220000e-03  -1.3454525e-01
  -3.8640000e-03  -1.2621420e-01
  -3.6060000e-03  -1.1786865e-01
  -3.3480000e-03  -1.0950693e-01
  -3.0890000e-03  -1.0113517e-01
  -2.8310000e-03  -9.2751757e-02
  -2.5730000e-03  -8.4354945e-02
  -2.3140000e-03  -7.5951051e-02
  -2.0560000e-03  -6.7538406e-02
  -1.7980000e-03  -5.9115185e-02
  -1.5400000e-03  -5.0687859e-02
  -1.2810000e-03  -4.2254737e-02
  -1.0230000e-03  -3.3813902e-02
  -7.6500000e-04  -2.5371939e-02
  -5.0700000e-04  -1.6924296e-02
  -2.4800000e-04  -8.4775501e-03
   1.0000000e-05  -2.9824838e-05
   2.6800000e-04   8.4205941e-03
   5.2600000e-04   1.6867196e-02
   7.8500000e-04   2.5311792e-02
   1.0430000e-03   3.3756100e-02
   1.3010000e-03   4.2193665e-02
   1.5590000e-03   5.0626246e-02
   1.8180000e-03   5.9055579e-02
   2.0760000e-03   6.7475259e-02
   2.3340000e-03   7.5887024e-02
   2.5920000e-03   8.4292542e-02
   2.8510000e-03   9.2685566e-02
   3.1090000e-03   1.0106774e-01
   3.3670000e-03   1.0944076e-01
   3.6260000e-03   1.1779847e-01
   3.8840000e-03   1.2614501e-01
   4.1420000e-03   1.3447437e-01
   4.4000000e-03   1.4278826e-01
   4.6590000e-03   1.5108803e-01
   4.9170000e-03   1.5936802e-01
   5.1750000e-03   1.6762974e-01
   5.4330000e-03   1.7587449e-01
   5.6920000e-03   1.8409686e-01
   5.9500000e-03   1.9229827e-01
   6.2080000e-03   2.0047994e-01
   6.4660000e-03   2.0863677e-01
   6.7250000e-03   2.1677001e-01
   6.9830000e-03   2.2488079e-01
   7.2410000e-03   2.3296444e-01
   7.4990000e-03   2.4102376e-01
   7.7580000e-03   2.4905421e-01
   8.0160000e-03   2.5705715e-01
   8.2740000e-03   2.6503302e-01
   8.5330000e-03   2.7297822e-01
   8.7910000e-03   2.8089320e-01
   9.0490000e-03   2.8877909e-01
   9.3070000e-03   2.9663183e-01
   9.5660000e-03   3.0445231e-01
   9.8240000e-03   3.1224123e-01
   1.0082000e-02   3.1999496e-01
   1.0340000e-02   3.2771463e-01
   1.0599000e-02   3.3540026e-01
   1.0857000e-02   3.4304912e-01
   1.1115000e-02   3.5066168e-01
   1.1373000e-02   3.5823815e-01
   1.1632000e-02   3.6577628e-01
   1.1890000e-02   3.7327674e-01
   1.2148000e-02   3.8073797e-01
   1.2406000e-02   3.8815973e-01
   1.2665000e-02   3.9554225e-01
   1.2923000e-02   4.0288373e-01
   1.3181000e-02   4.1018438e-01
   1.3439000e-02   4.1744377e-01
   1.3698000e-02   4.2466098e-01
   1.3956000e-02   4.3183556e-01
   1.4214000e-02   4.3896775e-01
   1.4473000e-02   4.4605619e-01
   1.4731000e-02   4.5310087e-01
   1.4989000e-02   4.6010135e-01
   1.5247000e-02   4.6705718e-01
   1.5506000e-02   4.7396791e-01
   1.5764000e-02   4.8083353e-01
   1.6022000e-02   4.8765336e-01
   1.6280000e-02   4.9442674e-01
   1.6539000e-02   5.0115389e-01
   1.6797000e-02   5.0783458e-01
   1.7055000e-02   5.1446769e-01
   1.7313000e-02   5.2105388e-01
   1.7572000e-02   5.2759249e-01
   1.7830000e-02   5.3408261e-01
   1.8088000e-02   5.4052538e-01
   1.8346000e-02   5.4691988e-01
   1.8605000e-02   5.5326476e-01
   1.8863000e-02   5.5956183e-01
   1.9121000e-02   5.6580997e-01
   1.9380000e-02   5.7200804e-01
   1.9638000e-02   5.7815785e-01
   1.9896000e-02   5.8425691e-01
   2.0154000e-02   5.9030771e-01
   2.0413000e-02   5.9630890e-01
   2.0671000e-02   6.0225889e-01
   2.0929000e-02   6.0816017e-01
   2.1187000e-02   6.1401161e-01
   2.1446000e-02   6.1981140e-01
   2.1704000e-02   6.2556271e-01
   2.1962000e-02   6.3126372e-01
   2.2220000e-02   6.3691264e-01
   2.2479000e-02   6.4251330e-01
   2.2737000e-02   6.4806344e-01
   2.2995000e-02   6.5356148e-01
   2.3253000e-02   6.5901104e-01
   2.3512000e-02   6.6441053e-01
   2.3770000e-02   6.6975770e-01
   2.4028000e-02   6.7505638e-01
   2.4286000e-02   6.8030296e-01
   2.4545000e-02   6.8550128e-01
   2.4803000e-02   6.9064954e-01
   2.5061000e-02   6.9574570e-01
   2.5320000e-02   7.0079405e-01
   2.5578000e-02   7.0579233e-01
   2.5836000e-02   7.1073874e-01
   2.6094000e-02   7.1563757e-01
   2.6353000e-02   7.2048678e-01
   2.6611000e-02   7.2528435e-01
   2.6869000e-02   7.3003455e-01
   2.7127000e-02   7.3473559e-01
   2.7386000e-02   7.3938522e-01
   2.7644000e-02   7.4398816e-01
   2.7902000e-02   7.4853990e-01
   2.8160000e-02   7.5304542e-01
   2.8419000e-02   7.5750222e-01
   2.8677000e-02   7.6190827e-01
   2.8935000e-02   7.6626832e-01
   2.9193000e-02   7.7058056e-01
   2.9452000e-02   7.7484251e-01
   2.9710000e-02   7.7905890e-01
   2.9968000e-02   7.8322793e-01
   3.0227000e-02   7.8734735e-01
   3.0485000e-02   7.9142166e-01
   3.0743000e-02   7.9544929e-01
   3.1001000e-02   7.9942776e-01
   3.1260000e-02   8.0336202e-01
   3.1518000e-02   8.0724982e-01
   3.1776000e-02   8.1108936e-01
   3.2034000e-02   8.1488515e-01
   3.2293000e-02   8.1863291e-01
   3.2551000e-02   8.2233736e-01
   3.2809000e-02   8.2599671e-01
   3.3067000e-02   8.2960847e-01
   3.3326000e-02   8.3317783e-01
   3.3584000e-02   8.3670255e-01
   3.3842000e-02   8.4018057e-01
   3.4100000e-02   8.4361688e-01
   3.4359000e-02   8.4700898e-01
   3.4617000e-02   8.5035530e-01
   3.4875000e-02   8.5366013e-01
   3.5134000e-02   8.5692188e-01
   3.5392000e-02   8.6013830e-01
   3.5650000e-02   8.6331412e-01
   3.5908000e-02   8.6644529e-01
   3.6167000e-02   8.6953610e-01
   3.6425000e-02   8.7258495e-01
   3.6683000e-02   8.7558983e-01
   3.6941000e-02   8.7855502e-01
   3.7200000e-02   8.8147893e-01
   3.7458000e-02   8.8435955e-01
   3.7716000e-02   8.8720114e-01
   3.7974000e-02   8.9000215e-01
   3.8233000e-02   8.9276076e-01
   3.8491000e-02   8.9548102e-01
   3.8749000e-02   8.9816115e-01
   3.9007000e-02   9.0079955e-01
   3.9266000e-02   9.0340029e-01
   3.9524000e-02   9.0596179e-01
   3.9782000e-02   9.0848202e-01
   4.0040000e-02   9.1096548e-01
   4.0299000e-02   9.1340813e-01
   4.0557000e-02   9.1581424e-01
   4.0815000e-02   9.1818224e-01
   4.1074000e-02   9.2051032e-01
   4.1332000e-02   9.2280232e-01
   4.1590000e-02   9.2505666e-01
   4.1848000e-02   9.2727198e-01
   4.2107000e-02   9.2945189e-01
   4.2365000e-02   9.3159459e-01
   4.2623000e-02   9.3369895e-01
   4.2881000e-02   9.3576836e-01
   4.3140000e-02   9.3780145e-01
   4.3398000e-02   9.3979666e-01
   4.3656000e-02   9.4175759e-01
   4.3914000e-02   9.4368266e-01
   4.4173000e-02   9.4557075e-01
   4.4431000e-02   9.4742478e-01
   4.4689000e-02   9.4924205e-01
   4.4947000e-02   9.5102594e-01
   4.5206000e-02   9.5277488e-01
   4.5464000e-02   9.5448773e-01
   4.5722000e-02   9.5616766e-01
   4.5981000e-02   9.5781308e-01
   4.6239000e-02   9.5942309e-01
   4.6497000e-02   9.6100063e-01
   4.6755000e-02   9.6254412e-01
   4.7014000e-02   9.6405287e-01
   4.7272000e-02   9.6552937e-01
   4.7530000e-02   9.6697250e-01
   4.7788000e-02   9.6838135e-01
   4.8047000e-02   9.6975839e-01
   4.8305000e-02   9.7110139e-01
   4.8563000e-02   9.7241281e-01
   4.8821000e-02   9.7369175e-01
   4.9080000e-02   9.7493710e-01
   4.9338000e-02   9.7615132e-01
   4.9596000e-02   9.7733351e-01
   4.9854000e-02   9.7848255e-01
   5.0113000e-02   9.7960070e-01
   5.0371000e-02   9.8068727e-01
   5.0629000e-02   9.8174137e-01
   5.0887000e-02   9.8276480e-01
   5.1146000e-02   9.8375688e-01
   5.1404000e-02   9.8471693e-01
   5.1662000e-02   9.8564677e-01
   5.1921000e-02   9.8654548e-01
   5.2179000e-02   9.8741239e-01
   5.2437000e-02   9.8824954e-01
   5.2695000e-02   9.8905511e-01
   5.2954000e-02   9.8983113e-01
   5.3212000e-02   9.9057649e-01
   5.3470000e-02   9.9129072e-01
   5.3728000e-02   9.9197541e-01
   5.3987000e-02   9.9262988e-01
   5.4245000e-02   9.9325368e-01
   5.4503000e-02   9.9384816e-01
   5.4761000e-02   9.9441265e-01
   5.5020000e-02   9.9494669e-01
   5.5278000e-02   9.9545164e-01
   5.5536000e-02   9.9592659e-01
   5.5794000e-02   9.9637177e-01
   5.6053000e-02   9.9678764e-01
   5.6311000e-02   9.9717374e-01
   5.6569000e-02   9.9753074e-01
   5.6828000e-02   9.9785865e-01
   5.7086000e-02   9.9815657e-01
   5.7344000e-02   9.9842562e-01
   5.7602000e-02   9.9866558e-01
   5.7861000e-02   9.9887622e-01
   5.8119000e-02   9.9905799e-01
   5.8377000e-02   9.9921067e-01
   5.8635000e-02   9.9933403e-01
   5.8894000e-02   9.9942875e-01
   5.9152000e-02   9.9949460e-01
   5.9410000e-02   9.9953136e-01
   5.9668000e-02   9.9953926e-01
   5.9927000e-02   9.9951851e-01
   6.0185000e-02   9.9946889e-01
   6.0443000e-02   9.9939041e-01
   6.0701000e-02   9.9928329e-01
   6.0960000e-02   9.9914752e-01
   6.1218000e-02   9.9898311e-01
   6.1476000e-02   9.9878984e-01
   6.1734000e-02   9.9856792e-01
   6.1993000e-02   9.9831737e-01
   6.2251000e-02   9.9803817e-01
   6.2509000e-02   9.9773033e-01
   6.2768000e-02   9.9739385e-01
   6.3026000e-02   9.9702895e-01
   6.3284000e-02   9.9663519e-01
   6.3542000e-02   9.9621278e-01
   6.3801000e-02   9.9576173e-01
   6.4059000e-02   9.9528204e-01
   6.4317000e-02   9.9477394e-01
   6.4575000e-02   9.9423697e-01
   6.4834000e-02   9.9367135e-01
   6.5092000e-02   9.9307710e-01
   6.5350000e-02   9.9245398e-01
   6.5608000e-02   9.9180221e-01
   6.5867000e-02   9.9112181e-01
   6.6125000e-02   9.9041253e-01
   6.6383000e-02   9.8967440e-01
   6.6641000e-02   9.8890784e-01
   6.6900000e-02   9.8811197e-01
   6.7158000e-02   9.8728723e-01
   6.7416000e-02   9.8643407e-01
   6.7675000e-02   9.8555160e-01
   6.7933000e-02   9.8464025e-01
   6.8191000e-02   9.8370005e-01
   6.8449000e-02   9.8273052e-01
   6.8708000e-02   9.8173258e-01
   6.8966000e-02   9.8070487e-01
   6.9224000e-02   9.7964806e-01
   6.9482000e-02   9.7856239e-01
   6.9741000e-02   9.7744718e-01
   6.9999000e-02   9.7630264e-01
   7.0257000e-02   9.7512924e-01
   7.0515000e-02   9.7392607e-01
   7.0774000e-02   9.7269336e-01
   7.1032000e-02   9.7143178e-01
   7.1290000e-02   9.7014021e-01
   7.1548000e-02   9.6881909e-01
   7.1807000e-02   9.6746888e-01
   7.2065000e-02   9.6608845e-01
   7.2323000e-02   9.6467825e-01
   7.2581000e-02   9.6323895e-01
   7.2840000e-02   9.6176922e-01
   7.3098000e-02   9.6027038e-01
   7.3356000e-02   9.5874088e-01
   7.3615000e-02   9.5718139e-01
   7.3873000e-02   9.5559257e-01
   7.4131000e-02   9.5397309e-01
   7.4389000e-02   9.5232338e-01
   7.4648000e-02   9.5064436e-01
   7.4906000e-02   9.4893421e-01
   7.5164000e-02   9.4719384e-01
   7.5422000e-02   9.4542393e-01
   7.5681000e-02   9.4362290e-01
   7.5939000e-02   9.4179142e-01
   7.6197000e-02   9.3993040e-01
   7.6455000e-02   9.3803803e-01
   7.6714000e-02   9.3611566e-01
   7.6972000e-02   9.3416218e-01
   7.7230000e-02   9.3217779e-01
   7.7488000e-02   9.3016364e-01
   7.7747000e-02   9.2811792e-01
   7.8005000e-02   9.2604152e-01
   7.8263000e-02   9.2393513e-01
   7.8522000e-02   9.2179694e-01
   7.8780000e-02   9.1962808e-01
   7.9038000e-02   9.1742877e-01
   7.9296000e-02   9.1519811e-01
   7.9555000e-02   9.1293633e-01
   7.9813000e-02   9.1064411e-01
   8.0071000e-02   9.0832054e-01
   8.0329000e-02   9.0596562e-01
   8.0588000e-02   9.0358048e-01
   8.0846000e-02   9.0116354e-01
   8.1104000e-02   8.9871639e-01
   8.1362000e-02   8.9623743e-01
   8.1621000e-02   8.9372712e-01
   8.1879000e-02   8.9118683e-01
   8.2137000e-02   8.8861450e-01
   8.2395000e-02   8.8601128e-01
   8.2654000e-02   8.8337739e-01
   8.2912000e-02   8.8071215e-01
   8.3170000e-02   8.7801579e-01
   8.3428000e-02   8.7528898e-01
   8.3687000e-02   8.7253083e-01
   8.3945000e-02   8.6974155e-01
   8.4203000e-02   8.6692205e-01
   8.4462000e-02   8.6407120e-01
   8.4720000e-02   8.6119014e-01
   8.4978000e-02   8.5827795e-01
   8.5236000e-02   8.5533487e-01
   8.5495000e-02   8.5236179e-01
   8.5753000e-02   8.4935781e-01
   8.6011000e-02   8.4632339e-01
   8.6269000e-02   8.4325897e-01
   8.6528000e-02   8.4016411e-01
   8.6786000e-02   8.3703903e-01
   8.7044000e-02   8.3388418e-01
   8.7302000e-02   8.3069933e-01
   8.7561000e-02   8.2748449e-01
   8.7819000e-02   8.2424033e-01
   8.8077000e-02   8.2096640e-01
   8.8335000e-02   8.1766315e-01
   8.8594000e-02   8.1433082e-01
   8.8852000e-02   8.1096938e-01
   8.9110000e-02   8.0757909e-01
   8.9369000e-02   8.0416015e-01
   8.9627000e-02   8.0071256e-01
   8.9885000e-02   7.9723679e-01
   9.0143000e-02   7.9373283e-01
   9.0402000e-02   7.9020090e-01
   9.0660000e-02   7.8664146e-01
   9.0918000e-02   7.8305451e-01
   9.1176000e-02   7.7944049e-01
   9.1435000e-02   7.7579918e-01
   9.1693000e-02   7.7213172e-01
   9.1951000e-02   7.6843764e-01
   9.2209000e-02   7.6471695e-01
   9.2468000e-02   7.6097100e-01
   9.2726000e-02   7.5719956e-01
   9.2984000e-02   7.5340219e-01
   9.3242000e-02   7.4958069e-01
   9.3501000e-02   7.4573371e-01
   9.3759000e-02   7.4186327e-01
   9.4017000e-02   7.3796893e-01
   9.4276000e-02   7.3405045e-01
   9.4534000e-02   7.3010943e-01
   9.4792000e-02   7.2614562e-01
   9.5050000e-02   7.2215836e-01
   9.5309000e-02   7.1815035e-01
   9.5567000e-02   7.1412047e-01
   9.5825000e-02   7.1006848e-01
   9.6083000e-02   7.0599688e-01
   9.6342000e-02   7.0190498e-01
   9.6600000e-02   6.9779187e-01
   9.6858000e-02   6.9366073e-01
   9.7116000e-02   6.8950929e-01
   9.7375000e-02   6.8534093e-01
   9.7633000e-02   6.8115431e-01
   9.7891000e-02   6.7694897e-01
   9.8149000e-02   6.7272807e-01
   9.8408000e-02   6.6849070e-01
   9.8666000e-02   6.6423597e-01
   9.8924000e-02   6.5996726e-01
   9.9182000e-02   6.5568389e-01
   9.9441000e-02   6.5138450e-01
   9.9699000e-02   6.4707294e-01
   9.9957000e-02   6.4274830e-01
   1.0021600e-01   6.3840944e-01
   1.0047400e-01   6.3406022e-01
   1.0073200e-01   6.2969949e-01
   1.0099000e-01   6.2532614e-01
   1.0124900e-01   6.2094443e-01
   1.0150700e-01   6.1655123e-01
   1.0176500e-01   6.1215104e-01
   1.0202300e-01   6.0774228e-01
   1.0228200e-01   6.0332381e-01
   1.0254000e-01   5.9890039e-01
   1.0279800e-01   5.9447020e-01
   1.0305600e-01   5.9003235e-01
   1.0331500e-01   5.8559133e-01
   1.0357300e-01   5.8114558e-01
   1.0383100e-01   5.7669397e-01
   1.0408900e-01   5.7224123e-01
   1.0434800e-01   5.6778601e-01
   1.0460600e-01   5.6332673e-01
   1.0486400e-01   5.5886812e-01
   1.0512300e-01   5.5440704e-01
   1.0538100e-01   5.4994798e-01
   1.0563900e-01   5.4548960e-01
   1.0589700e-01   5.4103077e-01
   1.0615600e-01   5.3657600e-01
   1.0641400e-01   5.3212394e-01
   1.0667200e-01   5.2767323e-01
   1.0693000e-01   5.2322861e-01
   1.0718900e-01   5.1878895e-01
   1.0744700e-01   5.1435244e-01
   1.0770500e-01   5.0992406e-01
   1.0796300e-01   5.0550244e-01
   1.0822200e-01   5.0108624e-01
   1.0848000e-01   4.9667995e-01
   1.0873800e-01   4.9228246e-01
   1.0899600e-01   4.8789219e-01
   1.0925500e-01   4.8351365e-01
   1.0951300e-01   4.7914413e-01
   1.0977100e-01   4.7478746e-01
   1.1002900e-01   4.7044275e-01
   1.1028800e-01   4.6610863e-01
   1.1054600e-01   4.6178917e-01
   1.1080400e-01   4.5748348e-01
   1.1106300e-01   4.5319018e-01
   1.1132100e-01   4.4891357e-01
   1.1157900e-01   4.4465208e-01
   1.1183700e-01   4.4040524e-01
   1.1209600e-01   4.3617622e-01
   1.1235400e-01   4.3196434e-01
   1.1261200e-01   4.2776847e-01
   1.1287000e-01   4.2359222e-01
   1.1312900e-01   4.1943334e-01
   1.1338700e-01   4.1529475e-01
   1.1364500e-01   4.1117601e-01
   1.1390300e-01   4.0707599e-01
   1.1416200e-01   4.0299784e-01
   1.1442000e-01   3.9894067e-01
   1.1467800e-01   3.9490379e-01
   1.1493600e-01   3.9089015e-01
   1.1519500e-01   3.8689883e-01
   1.1545300e-01   3.8292939e-01
   1.1571100e-01   3.7898407e-01
   1.1597000e-01   3.7506222e-01
   1.1622800e-01   3.7116359e-01
   1.1648600e-01   3.6728999e-01
   1.1674400e-01   3.6344120e-01
   1.1700300e-01   3.5961677e-01
   1.1726100e-01   3.5581850e-01
   1.1751900e-01   3.5204504e-01
   1.1777700e-01   3.4829841e-01
   1.1803600e-01   3.4457772e-01
   1.1829400e-01   3.4088342e-01
   1.1855200e-01   3.3721640e-01
   1.1881000e-01   3.3357622e-01
   1.1906900e-01   3.2996311e-01
   1.1932700e-01   3.2637796e-01
   1.1958500e-01   3.2282032e-01
   1.1984300e-01   3.1929065e-01
   1.2010200e-01   3.1578917e-01
   1.2036000e-01   3.1231587e-01
   1.2061800e-01   3.0887145e-01
   1.2087600e-01   3.0545522e-01
   1.2113500e-01   3.0206762e-01
   1.2139300e-01   2.9870958e-01
   1.2165100e-01   2.9538017e-01
   1.2191000e-01   2.9208008e-01
   1.2216800e-01   2.8880908e-01
   1.2242600e-01   2.8556695e-01
   1.2268400e-01   2.8235505e-01
   1.2294300e-01   2.7917178e-01
   1.2320100e-01   2.7601805e-01
   1.2345900e-01   2.7289455e-01
   1.2371700e-01   2.6979969e-01
   1.2397600e-01   2.6673437e-01
   1.2423400e-01   2.6369950e-01
   1.2449200e-01   2.6069304e-01
   1.2475000e-01   2.5771635e-01
   1.2500900e-01   2.5477011e-01
   1.2526700e-01   2.5185206e-01
   1.2552500e-01   2.4896468e-01
   1.2578300e-01   2.4610549e-01
   1.2604200e-01   2.4327562e-01
   1.2630000e-01   2.4047619e-01
   1.2655800e-01   2.3770450e-01
   1.2681700e-01   2.3496191e-01
   1.2707500e-01   2.3224953e-01
   1.2733300e-01   2.2956490e-01
   1.2759100e-01   2.2690868e-01
   1.2785000e-01   2.2428259e-01
   1.2810800e-01   2.2168359e-01
   1.2836600e-01   2.1911289e-01
   1.2862400e-01   2.1657194e-01
   1.2888300e-01   2.1405755e-01
   1.2914100e-01   2.1157106e-01
   1.2939900e-01   2.0911391e-01
   1.2965700e-01   2.0668281e-01
   1.2991600e-01   2.0428071e-01
   1.3017400e-01   2.0190432e-01
   1.3043200e-01   1.9955502e-01
   1.3069000e-01   1.9723422e-01
   1.3094900e-01   1.9493857e-01
   1.3120700e-01   1.9266942e-01
   1.3146500e-01   1.9042828e-01
   1.3172300e-01   1.8821163e-01
   1.3198200e-01   1.8602091e-01
   1.3224000e-01   1.8385764e-01
   1.3249800e-01   1.8171823e-01
   1.3275700e-01   1.7960413e-01
   1.3301500e-01   1.7751686e-01
   1.3327300e-01   1.7545280e-01
   1.3353100e-01   1.7341513e-01
   1.3379000e-01   1.7140021e-01
   1.3404800e-01   1.6940953e-01
   1.3430600e-01   1.6744459e-01
   1.3456400e-01   1.6550175e-01
   1.3482300e-01   1.6358247e-01
   1.3508100e-01   1.6168825e-01
   1.3533900e-01   1.5981546e-01
   1.3559700e-01   1.5796553e-01
   1.3585600e-01   1.5613999e-01
   1.3611400e-01   1.5433514e-01
   1.3637200e-01   1.5255251e-01
   1.3663000e-01   1.5079354e-01
   1.3688900e-01   1.4905462e-01
   1.3714700e-01   1.4733714e-01
   1.3740500e-01   1.4564267e-01
   1.3766400e-01   1.4396754e-01
   1.3792200e-01   1.4231488e-01
   1.3818000e-01   1.4068112e-01
   1.3843800e-01   1.3906773e-01
   1.3869700e-01   1.3747605e-01
   1.3895500e-01   1.3590264e-01
   1.3921300e-01   1.3434887e-01
   1.3947100e-01   1.3281614e-01
   1.3973000e-01   1.3130100e-01
   1.3998800e-01   1.2980481e-01
   1.4024600e-01   1.2832894e-01
   1.4050400e-01   1.2687003e-01
   1.4076300e-01   1.2542938e-01
   1.4102100e-01   1.2400838e-01
   1.4127900e-01   1.2260368e-01
   1.4153700e-01   1.2121657e-01
   1.4179600e-01   1.1984843e-01
   1.4205400e-01   1.1849597e-01
   1.4231200e-01   1.1716195e-01
   1.4257000e-01   1.1584322e-01
   1.4282900e-01   1.1454105e-01
   1.4308700e-01   1.1325665e-01
   1.4334500e-01   1.1198695e-01
   1.4360400e-01   1.1073319e-01
   1.4386200e-01   1.0949653e-01
   1.4412000e-01   1.0827399e-01
   1.4437800e-01   1.0706679e-01
   1.4463700e-01   1.0587604e-01
   1.4489500e-01   1.0469888e-01
   1.4515300e-01   1.0353642e-01
   1.4541100e-01   1.0238981e-01
   1.4567000e-01   1.0125623e-01
   1.4592800e-01   1.0013807e-01
   1.4618600e-01   9.9032571e-02
   1.4644400e-01   9.7940878e-02
   1.4670300e-01   9.6863980e-02
   1.4696100e-01   9.5799260e-02
   1.4721900e-01   9.4747778e-02
   1.4747700e-01   9.3710549e-02
   1.4773600e-01   9.2684980e-02
   1.4799400e-01   9.1672107e-02
   1.4825200e-01   9.0672924e-02
   1.4851100e-01   8.9684950e-02
   1.4876900e-01   8.8709154e-02
   1.4902700e-01   8.7746506e-02
   1.4928500e-01   8.6794593e-02
   1.4954400e-01   8.5854384e-02
   1.4980200e-01   8.4926783e-02
   1.5006000e-01   8.4009510e-02
   1.5031800e-01   8.3104483e-02
   1.5057700e-01   8.2209492e-02
   1.5083500e-01   8.1325417e-02
   1.5109300e-01   8.0453113e-02
   1.5135100e-01   7.9590440e-02
   1.5161000e-01   7.8738231e-02
   1.5186800e-01   7.7897320e-02
   1.5212600e-01   7.7065657e-02
   1.5238400e-01   7.6244028e-02
   1.5264300e-01   7.5433248e-02
   1.5290100e-01   7.4631308e-02
   1.5315900e-01   7.3839021e-02
   1.5341700e-01   7.3057130e-02
   1.5367600e-01   7.2283741e-02
   1.5393400e-01   7.1520456e-02
   1.5419200e-01   7.0765425e-02
   1.5445100e-01   7.0019415e-02
   1.5470900e-01   6.9283080e-02
   1.5496700e-01   6.8554706e-02
   1.5522500e-01   6.7834947e-02
   1.5548400e-01   6.7124502e-02
   1.5574200e-01   6.6421680e-02
   1.5600000e-01   6.5727135e-02
   1.5625800e-01   6.5041520e-02
   1.5651700e-01   6.4363212e-02
   1.5677500e-01   6.3692843e-02
   1.5703300e-01   6.3031066e-02
   1.5729100e-01   6.2376280e-02
   1.5755000e-01   6.1729140e-02
   1.5780800e-01   6.1090231e-02
   1.5806600e-01   6.0458043e-02
   1.5832400e-01   5.9833861e-02
   1.5858300e-01   5.9216219e-02
   1.5884100e-01   5.8605727e-02
   1.5909900e-01   5.8002902e-02
   1.5935800e-01   5.7406369e-02
   1.5961600e-01   5.6816692e-02
   1.5987400e-01   5.6234390e-02
   1.6013200e-01   5.5658154e-02
   1.6039100e-01   5.5088458e-02
   1.6064900e-01   5.4525867e-02
   1.6090700e-01   5.3969071e-02
   1.6116500e-01   5.3418613e-02
   1.6142400e-01   5.2874943e-02
   1.6168200e-01   5.2336866e-02
   1.6194000e-01   5.1805396e-02
   1.6219800e-01   5.1279362e-02
   1.6245700e-01   5.0759237e-02
   1.6271500e-01   5.0245494e-02
   1.6297300e-01   4.9736960e-02
   1.6323100e-01   4.9234133e-02
   1.6349000e-01   4.8737394e-02
   1.6374800e-01   4.8245707e-02
   1.6400600e-01   4.7759455e-02
   1.6426500e-01   4.7279112e-02
   1.6452300e-01   4.6803573e-02
   1.6478100e-01   4.6333311e-02
   1.6503900e-01   4.5868687e-02
   1.6529800e-01   4.5408731e-02
   1.6555600e-01   4.4953827e-02
   1.6581400e-01   4.4504359e-02
   1.6607200e-01   4.4059355e-02
   1.6633100e-01   4.3619652e-02
   1.6658900e-01   4.3184323e-02
   1.6684700e-01   4.2753731e-02
   1.6710500e-01   4.2328235e-02
   1.6736400e-01   4.1906934e-02
   1.6762200e-01   4.1490211e-02
   1.6788000e-01   4.1078382e-02
   1.6813800e-01   4.0670613e-02
   1.6839700e-01   4.0267219e-02
   1.6865500e-01   3.9868560e-02
   1.6891300e-01   3.9473804e-02
   1.6917100e-01   3.9083287e-02
   1.6943000e-01   3.8697303e-02
   1.6968800e-01   3.8315085e-02
   1.6994600e-01   3.7936927e-02
   1.7020500e-01   3.7563166e-02
   1.7046300e-01   3.7193037e-02
   1.7072100e-01   3.6827170e-02
   1.7097900e-01   3.6464821e-02
   1.7123800e-01   3.6106328e-02
   1.7149600e-01   3.5751940e-02
   1.7175400e-01   3.5400980e-02
   1.7201200e-01   3.5053696e-02
   1.7227100e-01   3.4710381e-02
   1.7252900e-01   3.4370359e-02
   1.7278700e-01   3.4033900e-02
   1.7304500e-01   3.3701275e-02
   1.7330400e-01   3.3371830e-02
   1.7356200e-01   3.3045813e-02
   1.7382000e-01   3.2723472e-02
   1.7407800e-01   3.2404221e-02
   1.7433700e-01   3.2088555e-02
   1.7459500e-01   3.1775889e-02
   1.7485300e-01   3.1466448e-02
   1.7511200e-01   3.1160502e-02
   1.7537000e-01   3.0857421e-02
   1.7562800e-01   3.0557497e-02
   1.7588600e-01   3.0260911e-02
   1.7614500e-01   2.9967121e-02
   1.7640300e-01   2.9676331e-02
   1.7666100e-01   2.9388788e-02
   1.7691900e-01   2.9103951e-02
   1.7717800e-01   2.8822024e-02
   1.7743600e-01   2.8543209e-02
   1.7769400e-01   2.8267010e-02
   1.7795200e-01   2.7993630e-02
   1.7821100e-01   2.7723272e-02
   1.7846900e-01   2.7455440e-02
   1.7872700e-01   2.7190540e-02
   1.7898500e-01   2.6928098e-02
   1.7924400e-01   2.6668318e-02
   1.7950200e-01   2.6411401e-02
   1.7976000e-01   2.6156852e-02
   1.8001800e-01   2.5904875e-02
   1.8027700e-01   2.5655648e-02
   1.8053500e-01   2.5408722e-02
   1.8079300e-01   2.5164300e-02
   1.8105200e-01   2.4922516e-02
   1.8131000e-01   2.4682964e-02
   1.8156800e-01   2.4445826e-02
   1.8182600e-01   2.4211259e-02
   1.8208500e-01   2.3978834e-02
   1.8234300e-01   2.3748935e-02
   1.8260100e-01   2.3521134e-02
   1.8285900e-01   2.3295633e-02
   1.8311800e-01   2.3072544e-02
   1.8337600e-01   2.2851486e-02
   1.8363400e-01   2.2632638e-02
   1.8389200e-01   2.2416140e-02
   1.8415100e-01   2.2201617e-02
   1.8440900e-01   2.1989221e-02
   1.8466700e-01   2.1779107e-02
   1.8492500e-01   2.1570901e-02
   1.8518400e-01   2.1364755e-02
   1.8544200e-01   2.1160816e-02
   1.8570000e-01   2.0958724e-02
   1.8595900e-01   2.0758624e-02
   1.8621700e-01   2.0560663e-02
   1.8647500e-01   2.0364489e-02
   1.8673300e-01   2.0170406e-02
   1.8699200e-01   1.9978072e-02
   1.8725000e-01   1.9787631e-02
   1.8750800e-01   1.9599210e-02
   1.8776600e-01   1.9412488e-02
   1.8802500e-01   1.9227597e-02
   1.8828300e-01   1.9044663e-02
   1.8854100e-01   1.8863376e-02
   1.8879900e-01   1.8683859e-02
   1.8905800e-01   1.8506241e-02
   1.8931600e-01   1.8330215e-02
   1.8957400e-01   1.8155906e-02
   1.8983200e-01   1.7983437e-02
   1.9009100e-01   1.7812512e-02
   1.9034900e-01   1.7643248e-02
   1.9060700e-01   1.7475769e-02
   1.9086500e-01   1.7309784e-02
   1.9112400e-01   1.7145539e-02
   1.9138200e-01   1.6982763e-02
   1.9164000e-01   1.6821568e-02
   1.9189900e-01   1.6662059e-02
   1.9215700e-01   1.6503972e-02
   1.9241500e-01   1.6347415e-02
   1.9267300e-01   1.6192498e-02
   1.9293200e-01   1.6038957e-02
   1.9319000e-01   1.5886900e-02
   1.9344800e-01   1.5736431e-02
   1.9370600e-01   1.5587297e-02
   1.9396500e-01   1.5439601e-02
   1.9422300e-01   1.5293446e-02
   1.9448100e-01   1.5148585e-02
   1.9473900e-01   1.5005231e-02
   1.9499800e-01   1.4863147e-02
   1.9525600e-01   1.4722429e-02
   1.9551400e-01   1.4583172e-02
   1.9577200e-01   1.4445147e-02
   1.9603100e-01   1.4308448e-02
   1.9628900e-01   1.4173166e-02
   1.9654700e-01   1.4039078e-02
   1.9680600e-01   1.3906274e-02
   1.9706400e-01   1.3774848e-02
   1.9732200e-01   1.3644579e-02
   1.9758000e-01   1.3515554e-02
   1.9783900e-01   1.3387867e-02
   1.9809700e-01   1.3261303e-02
   1.9835500e-01   1.3135946e-02
   1.9861300e-01   1.3011888e-02
   1.9887200e-01   1.2888916e-02
   1.9913000e-01   1.2767212e-02
   1.9938800e-01   1.2646577e-02
   1.9964600e-01   1.2527093e-02
   1.9990500e-01   1.2408837e-02
   2.0016300e-01   1.2291621e-02
   2.0042100e-01   1.2175519e-02
   2.0067900e-01   1.2060613e-02
   2.0093800e-01   1.1946712e-02
   2.0119600e-01   1.1833894e-02
   2.0145400e-01   1.1722235e-02
   2.0171200e-01   1.1611552e-02
   2.0197100e-01   1.1501920e-02
   2.0222900e-01   1.1393414e-02
   2.0248700e-01   1.1285855e-02
   2.0274600e-01   1.1179397e-02
   2.0300400e-01   1.1073867e-02
   2.0326200e-01   1.0969339e-02
   2.0352000e-01   1.0865880e-02
   2.0377900e-01   1.0763323e-02
   2.0403700e-01   1.0661739e-02
   2.0429500e-01   1.0561191e-02
   2.0455300e-01   1.0461521e-02
   2.0481200e-01   1.0362791e-02
   2.0507000e-01   1.0265069e-02
   2.0532800e-01   1.0168198e-02
   2.0558600e-01   1.0072242e-02
   2.0584500e-01   9.9772650e-03
   2.0610300e-01   9.8831133e-03
   2.0636100e-01   9.7898480e-03
   2.0661900e-01   9.6975343e-03
   2.0687800e-01   9.6060213e-03
   2.0713600e-01   9.5154397e-03
   2.0739400e-01   9.4256429e-03
   2.0765300e-01   9.3366941e-03
   2.0791100e-01   9.2486474e-03
   2.0816900e-01   9.1613652e-03
   2.0842700e-01   9.0749016e-03
   2.0868600e-01   8.9893176e-03
   2.0894400e-01   8.9044756e-03
   2.0920200e-01   8.8204297e-03
   2.0946000e-01   8.7372362e-03
   2.0971900e-01   8.6547644e-03
   2.0997700e-01   8.5730639e-03
   2.1023500e-01   8.4921934e-03
   2.1049300e-01   8.4120197e-03
   2.1075200e-01   8.3326579e-03
   2.1101000e-01   8.2539839e-03
   2.1126800e-01   8.1760452e-03
   2.1152600e-01   8.0988935e-03
   2.1178500e-01   8.0224094e-03
   2.1204300e-01   7.9466402e-03
   2.1230100e-01   7.8716378e-03
   2.1255900e-01   7.7972803e-03
   2.1281800e-01   7.7236198e-03
   2.1307600e-01   7.6507012e-03
   2.1333400e-01   7.5784118e-03
   2.1359300e-01   7.5067967e-03
   2.1385100e-01   7.4359056e-03
   2.1410900e-01   7.3656234e-03
   2.1436700e-01   7.2959952e-03
   2.1462600e-01   7.2270706e-03
   2.1488400e-01   7.1587392e-03
   2.1514200e-01   7.0910933e-03
   2.1540000e-01   7.0240271e-03
   2.1565900e-01   6.9575878e-03
   2.1591700e-01   6.8918160e-03
   2.1617500e-01   6.8266081e-03
   2.1643300e-01   6.7620091e-03
   2.1669200e-01   6.6980573e-03
   2.1695000e-01   6.6346536e-03
   2.1720800e-01   6.5718384e-03
   2.1746600e-01   6.5096548e-03
   2.1772500e-01   6.4480034e-03
   2.1798300e-01   6.3869248e-03
   2.1824100e-01   6.3264573e-03
   2.1850000e-01   6.2665086e-03
   2.1875800e-01   6.2071147e-03
   2.1901600e-01   6.1483161e-03
   2.1927400e-01   6.0900205e-03
   2.1953300e-01   6.0323067e-03
   2.1979100e-01   5.9750846e-03
   2.2004900e-01   5.9183947e-03
   2.2030700e-01   5.8622686e-03
   2.2056600e-01   5.8066229e-03
   2.2082400e-01   5.7514913e-03
   2.2108200e-01   5.6969101e-03
   2.2134000e-01   5.6427934e-03
   2.2159900e-01   5.5891774e-03
   2.2185700e-01   5.5360959e-03
   2.2211500e-01   5.4834654e-03
   2.2237300e-01   5.4313220e-03
   2.2263200e-01   5.3796952e-03
   2.2289000e-01   5.3285080e-03
   2.2314800e-01   5.2778306e-03
   2.2340600e-01   5.2275839e-03
   2.2366500e-01   5.1777973e-03
   2.2392300e-01   5.1285068e-03
   2.2418100e-01   5.0796358e-03
   2.2444000e-01   5.0312114e-03
   2.2469800e-01   4.9832695e-03
   2.2495600e-01   4.9357314e-03
   2.2521400e-01   4.8886307e-03
   2.2547300e-01   4.8419969e-03
   2.2573100e-01   4.7957578e-03
   2.2598900e-01   4.7499427e-03
   2.2624700e-01   4.7045808e-03
   2.2650600e-01   4.6596024e-03
   2.2676400e-01   4.6150344e-03
   2.2702200e-01   4.5709061e-03
   2.2728000e-01   4.5271523e-03
   2.2753900e-01   4.4838269e-03
   2.2779700e-01   4.4408691e-03
   2.2805500e-01   4.3983015e-03
   2.2831300e-01   4.3561557e-03
   2.2857200e-01   4.3143616e-03
   2.2883000e-01   4.2729487e-03
   2.2908800e-01   4.2319462e-03
   2.2934700e-01   4.1912843e-03
   2.2960500e-01   4.1509945e-03
   2.2986300e-01   4.1110993e-03
   2.3012100e-01   4.0715379e-03
   2.3038000e-01   4.0323374e-03
   2.3063800e-01   3.9935203e-03
   2.3089600e-01   3.9550256e-03
   2.3115400e-01   3.9169098e-03
   2.3141300e-01   3.8791121e-03
   2.3167100e-01   3.8416571e-03
   2.3192900e-01   3.8045674e-03
   2.3218700e-01   3.7677868e-03
   2.3244600e-01   3.7313376e-03
   2.3270400e-01   3.6952448e-03
   2.3296200e-01   3.6594519e-03
   2.3322000e-01   3.6239816e-03
   2.3347900e-01   3.5888562e-03
   2.3373700e-01   3.5540218e-03
   2.3399500e-01   3.5195009e-03
   2.3425400e-01   3.4853160e-03
   2.3451200e-01   3.4514153e-03
   2.3477000e-01   3.4178145e-03
   2.3502800e-01   3.3845430e-03
   2.3528700e-01   3.3515444e-03
   2.3554500e-01   3.3188660e-03
   2.3580300e-01   3.2864560e-03
   2.3606100e-01   3.2543346e-03
   2.3632000e-01   3.2225245e-03
   2.3657800e-01   3.1909737e-03
   2.3683600e-01   3.1597049e-03
   2.3709400e-01   3.1287382e-03
   2.3735300e-01   3.0980241e-03
   2.3761100e-01   3.0675829e-03
   2.3786900e-01   3.0374327e-03
   2.3812700e-01   3.0075305e-03
   2.3838600e-01   2.9778921e-03
   2.3864400e-01   2.9485380e-03
   2.3890200e-01   2.9194228e-03
   2.3916000e-01   2.8905626e-03
   2.3941900e-01   2.8619797e-03
   2.3967700e-01   2.8336291e-03
   2.3993500e-01   2.8055469e-03
   2.4019400e-01   2.7776902e-03
   2.4045200e-01   2.7500793e-03
   2.4071000e-01   2.7227323e-03
   2.4096800e-01   2.6956041e-03
   2.4122700e-01   2.6687126e-03
   2.4148500e-01   2.6420760e-03
   2.4174300e-01   2.6156536e-03
   2.4200100e-01   2.5894591e-03
   2.4226000e-01   2.5635126e-03
   2.4251800e-01   2.5377735e-03
   2.4277600e-01   2.5122578e-03
   2.4303400e-01   2.4869833e-03
   2.4329300e-01   2.4619073e-03
   2.4355100e-01   2.4370659e-03
   2.4380900e-01   2.4124207e-03
   2.4406700e-01   2.3879897e-03
   2.4432600e-01   2.3637865e-03
   2.4458400e-01   2.3397727e-03
   2.4484200e-01   2.3159642e-03
   2.4510100e-01   2.2923789e-03
   2.4535900e-01   2.2689763e-03
   2.4561700e-01   2.2457735e-03
   2.4587500e-01   2.2227857e-03
   2.4613400e-01   2.1999769e-03
   2.4639200e-01   2.1773613e-03
   2.4665000e-01   2.1549540e-03
   2.4690800e-01   2.1327200e-03
   2.4716700e-01   2.1106735e-03
   2.4742500e-01   2.0888291e-03
   2.4768300e-01   2.0671522e-03
   2.4794100e-01   2.0456728e-03
   2.4820000e-01   2.0243579e-03
   2.4845800e-01   2.0032212e-03
   2.4871600e-01   1.9822759e-03
   2.4897400e-01   1.9614900e-03
   2.4923300e-01   1.9408765e-03
   2.4949100e-01   1.9204485e-03
   2.4974900e-01   1.9001748e-03
   2.5000700e-01   1.8800681e-03
   2.5026600e-01   1.8601415e-03
   2.5052400e-01   1.8403639e-03
   2.5078200e-01   1.8207483e-03
   2.5104100e-01   1.8013070e-03
   2.5129900e-01   1.7820101e-03
   2.5155700e-01   1.7628837e-03
   2.5181500e-01   1.7438984e-03
   2.5207400e-01   1.7250667e-03
   2.5233200e-01   1.7064001e-03
   2.5259000e-01   1.6878704e-03
   2.5284800e-01   1.6694889e-03
   2.5310700e-01   1.6512675e-03
   2.5336500e-01   1.6331782e-03
   2.5362300e-01   1.6152324e-03
   2.5388100e-01   1.5974415e-03
   2.5414000e-01   1.5797785e-03
   2.5439800e-01   1.5622541e-03
   2.5465600e-01   1.5448800e-03
   2.5491400e-01   1.5276290e-03
   2.5517300e-01   1.5105122e-03
   2.5543100e-01   1.4935409e-03
   2.5568900e-01   1.4766886e-03
   2.5594800e-01   1.4599780e-03
   2.5620600e-01   1.4433840e-03
   2.5646400e-01   1.4269167e-03
   2.5672200e-01   1.4105867e-03
   2.5698100e-01   1.3943689e-03
   2.5723900e-01   1.3782737e-03
   2.5749700e-01   1.3623113e-03
   2.5775500e-01   1.3464572e-03
   2.5801400e-01   1.3307215e-03
   2.5827200e-01   1.3151142e-03
   2.5853000e-01   1.2996110e-03
   2.5878800e-01   1.2842222e-03
   2.5904700e-01   1.2689574e-03
   2.5930500e-01   1.2537929e-03
   2.5956300e-01   1.2387498e-03
   2.5982100e-01   1.2238046e-03
   2.6008000e-01   1.2089669e-03
   2.6033800e-01   1.1942463e-03
   2.6059600e-01   1.1796200e-03
   2.6085400e-01   1.1650974e-03
   2.6111300e-01   1.1506877e-03
   2.6137100e-01   1.1363686e-03
   2.6162900e-01   1.1221495e-03
   2.6188800e-01   1.1080394e-03
   2.6214600e-01   1.0940163e-03
   2.6240400e-01   1.0800893e-03
   2.6266200e-01   1.0662677e-03
   2.6292100e-01   1.0525294e-03
   2.6317900e-01   1.0388837e-03
   2.6343700e-01   1.0253394e-03
   2.6369500e-01   1.0118752e-03
   2.6395400e-01   9.9850951e-04
   2.6421200e-01   9.8522211e-04
   2.6447000e-01   9.7202130e-04
   2.6472800e-01   9.5891544e-04
   2.6498700e-01   9.4588445e-04
   2.6524500e-01   9.3293646e-04
   2.6550300e-01   9.2007980e-04
   2.6576100e-01   9.0729463e-04
   2.6602000e-01   8.9458953e-04
   2.6627800e-01   8.8197193e-04
   2.6653600e-01   8.6942288e-04
   2.6679500e-01   8.5695007e-04
   2.6705300e-01   8.4456160e-04
   2.6731100e-01   8.3223853e-04
   2.6756900e-01   8.1998853e-04
   2.6782800e-01   8.0781949e-04
   2.6808600e-01   7.9571248e-04
   2.6834400e-01   7.8368417e-04
   2.6860200e-01   7.7171608e-04
   2.6886100e-01   7.5981586e-04
   2.6911900e-01   7.4799098e-04
   2.6937700e-01   7.3622315e-04
   2.6963500e-01   7.2452027e-04
   2.6989400e-01   7.1288934e-04
   2.7015200e-01   7.0131275e-04
   2.7041000e-01   6.8979773e-04
   2.7066800e-01   6.7835150e-04
   2.7092700e-01   6.6695692e-04
   2.7118500e-01   6.5562074e-04
   2.7144300e-01   6.4435019e-04
   2.7170100e-01   6.3312858e-04
   2.7196000e-01   6.2197012e-04
   2.7221800e-01   6.1085879e-04
   2.7247600e-01   5.9980091e-04
   2.7273500e-01   5.8880369e-04
   2.7299300e-01   5.7785023e-04
   2.7325100e-01   5.6694774e-04
   2.7350900e-01   5.5610275e-04
   2.7376800e-01   5.4529904e-04
   2.7402600e-01   5.3454313e-04
   2.7428400e-01   5.2384181e-04
   2.7454200e-01   5.1317882e-04
   2.7480100e-01   5.0256116e-04
   2.7505900e-01   4.9199515e-04
   2.7531700e-01   4.8146477e-04
   2.7557500e-01   4.7097701e-04
   2.7583400e-01   4.6053774e-04
   2.7609200e-01   4.5013163e-04
   2.7635000e-01   4.3977242e-04
   2.7660800e-01   4.2944456e-04
   2.7686700e-01   4.1915459e-04
   2.7712500e-01   4.0890859e-04
   2.7738300e-01   3.9869124e-04
   2.7764200e-01   3.8850929e-04
   2.7790000e-01   3.7836817e-04
   2.7815800e-01   3.6825365e-04
   2.7841600e-01   3.5817139e-04
   2.7867500e-01   3.4812747e-04
   2.7893300e-01   3.3810745e-04
   2.7919100e-01   3.2811719e-04
   2.7944900e-01   3.1816235e-04
   2.7970800e-01   3.0822916e-04
   2.7996600e-01   2.9832912e-04
   2.8022400e-01   2.8844937e-04
   2.8048200e-01   2.7859489e-04
   2.8074100e-01   2.6877107e-04
   2.8099900e-01   2.5896508e-04
   2.8125700e-01   2.4918186e-04
   2.8151500e-01   2.3942638e-04
   2.8177400e-01   2.2968646e-04
   2.8203200e-01   2.1996708e-04
   2.8229000e-01   2.1027227e-04
   2.8254800e-01   2.0059101e-04
   2.8280700e-01   1.9092781e-04
   2.8306500e-01   1.8128602e-04
   2.8332300e-01   1.7165615e-04
   2.8358200e-01   1.6204208e-04
   2.8384000e-01   1.5244577e-04
   2.8409800e-01   1.4286038e-04
   2.8435600e-01   1.3329028e-04
   2.8461500e-01   1.2373051e-04
   2.8487300e-01   1.1418339e-04
   2.8513100e-01   1.0464631e-04
   2.8538900e-01   9.5120862e-05
   2.8564800e-01   8.5606895e-05
   2.8590600e-01   7.6095228e-05
   2.8616400e-01   6.6598536e-05
   2.8642200e-01   5.7107324e-05
   2.8668100e-01   4.7611873e-05
   2.8693900e-01   3.8096688e-05
   2.8719700e-01   2.8599973e-05
   2.8745500e-01   1.9066650e-05
   2.8771400e-01   9.5493878e-06
   2.8797200e-01   6.3317278e-16
