AstraDynamic 120
1300.00
0.000000000 0.727279
0.000233800 0.728212
0.000467600 0.730021
0.000701400 0.733285
0.000935200 0.737468
0.001169000 0.742207
0.001402800 0.748494
0.001636600 0.754845
0.001870400 0.762625
0.002104200 0.770209
0.002338000 0.779024
0.002571800 0.787425
0.002805600 0.796139
0.003039400 0.805645
0.003273200 0.814629
0.003507000 0.824126
0.003740800 0.833059
0.003974600 0.841930
0.004208400 0.850901
0.004442200 0.859381
0.004676000 0.867782
0.004909800 0.875724
0.005143600 0.883460
0.005377400 0.890779
0.005611200 0.897795
0.005845000 0.904463
0.006078800 0.910802
0.006312600 0.916763
0.006546400 0.922431
0.006780200 0.927781
0.007014000 0.932736
0.007247800 0.937452
0.007481600 0.941790
0.007715400 0.945914
0.007949200 0.949679
0.008183000 0.953255
0.008416800 0.956570
0.008650600 0.959563
0.008884400 0.962391
0.009118200 0.964924
0.009352000 0.967306
0.009585800 0.969416
0.009819600 0.971389
0.010053400 0.973167
0.010287200 0.974709
0.010521000 0.976126
0.010754800 0.977327
0.010988600 0.978411
0.011222400 0.979336
0.011456200 0.980073
0.011690000 0.980701
0.011923800 0.981155
0.012157600 0.981506
0.012391400 0.981697
0.012625200 0.981788
0.012859000 0.981754
0.013092800 0.981578
0.013326600 0.981307
0.013560400 0.980902
0.013794200 0.980406
0.014028000 0.979801
0.014261800 0.979075
0.014495600 0.978260
0.014729400 0.977332
0.014963200 0.976316
0.015197000 0.975192
0.015430800 0.973983
0.015664600 0.972679
0.015898400 0.971274
0.016132200 0.969787
0.016366000 0.968202
0.016599800 0.966535
0.016833600 0.964780
0.017067400 0.962933
0.017301200 0.961006
0.017535000 0.958990
0.017768800 0.956894
0.018002600 0.954711
0.018236400 0.952450
0.018470200 0.950106
0.018704000 0.947679
0.018937800 0.945175
0.019171600 0.942587
0.019405400 0.939923
0.019639200 0.937180
0.019873000 0.934356
0.020106800 0.931456
0.020340600 0.928477
0.020574400 0.925422
0.020808200 0.922288
0.021042000 0.919079
0.021275800 0.915793
0.021509600 0.912430
0.021743400 0.908992
0.021977200 0.905478
0.022211000 0.901888
0.022444800 0.898224
0.022678600 0.894484
0.022912400 0.890669
0.023146200 0.886780
0.023380000 0.882815
0.023613800 0.878778
0.023847600 0.874665
0.024081400 0.870478
0.024315200 0.866218
0.024549000 0.861884
0.024782800 0.857476
0.025016600 0.852995
0.025250400 0.848441
0.025484200 0.843814
0.025718000 0.839113
0.025951800 0.834340
0.026185600 0.829494
0.026419400 0.824576
0.026653200 0.819585
0.026887000 0.814522
0.027120800 0.809387
0.027354600 0.804180
0.027588400 0.798902
0.027822200 0.793552
0.028056000 0.788131
0.028289800 0.782639
0.028523600 0.777076
0.028757400 0.771443
0.028991200 0.765739
0.029225000 0.759965
0.029458800 0.754121
0.029692600 0.748208
0.029926400 0.742225
0.030160200 0.736173
0.030394000 0.730053
0.030627800 0.723864
0.030861600 0.717607
0.031095400 0.711282
0.031329200 0.704890
0.031563000 0.698431
0.031796800 0.691906
0.032030600 0.685314
0.032264400 0.678656
0.032498200 0.671933
0.032732000 0.665145
0.032965800 0.658293
0.033199600 0.651375
0.033433400 0.644396
0.033667200 0.637354
0.033901000 0.630248
0.034134800 0.623081
0.034368600 0.615852
0.034602400 0.608563
0.034836200 0.601215
0.035070000 0.593805
0.035303800 0.586338
0.035537600 0.578811
0.035771400 0.571228
0.036005200 0.563587
0.036239000 0.555892
0.036472800 0.548141
0.036706600 0.540333
0.036940400 0.532474
0.037174200 0.524559
0.037408000 0.516595
0.037641800 0.508580
0.037875600 0.500510
0.038109400 0.492394
0.038343200 0.484226
0.038577000 0.476014
0.038810800 0.467751
0.039044600 0.459445
0.039278400 0.451095
0.039512200 0.442696
0.039746000 0.434258
0.039979800 0.425775
0.040213600 0.417253
0.040447400 0.408693
0.040681200 0.400088
0.040915000 0.391450
0.041148800 0.382771
0.041382600 0.374060
0.041616400 0.365315
0.041850200 0.356531
0.042084000 0.347720
0.042317800 0.338872
0.042551600 0.330000
0.042785400 0.321093
0.043019200 0.312164
0.043253000 0.303209
0.043486800 0.294222
0.043720600 0.285217
0.043954400 0.276183
0.044188200 0.267134
0.044422000 0.258064
0.044655800 0.248969
0.044889600 0.239861
0.045123400 0.230732
0.045357200 0.221593
0.045591000 0.212433
0.045824800 0.203267
0.046058600 0.194089
0.046292400 0.184895
0.046526200 0.175698
0.046760000 0.166487
0.046993800 0.157276
0.047227600 0.148060
0.047461400 0.138833
0.047695200 0.129610
0.047929000 0.120380
0.048162800 0.111156
0.048396600 0.101926
0.048630400 0.092706
0.048864200 0.083489
0.049098000 0.074271
0.049331800 0.065065
0.049565600 0.055861
0.049799400 0.046671
0.050033200 0.037491
0.050267000 0.028317
0.050500800 0.019160
0.050734600 0.010012
0.050968400 0.000884
0.051202200 -0.008234
0.051436000 -0.017329
0.051669800 -0.026406
0.051903600 -0.035469
0.052137400 -0.044506
0.052371200 -0.053527
0.052605000 -0.062520
0.052838800 -0.071490
0.053072600 -0.080439
0.053306400 -0.089358
0.053540200 -0.098254
0.053774000 -0.107119
0.054007800 -0.115954
0.054241600 -0.124764
0.054475400 -0.133538
0.054709200 -0.142285
0.054943000 -0.150996
0.055176800 -0.159676
0.055410600 -0.168318
0.055644400 -0.176926
0.055878200 -0.185500
0.056112000 -0.194034
0.056345800 -0.202533
0.056579600 -0.210991
0.056813400 -0.219409
0.057047200 -0.227790
0.057281000 -0.236128
0.057514800 -0.244426
0.057748600 -0.252680
0.057982400 -0.260893
0.058216200 -0.269060
0.058450000 -0.277184
0.058683800 -0.285264
0.058917600 -0.293297
0.059151400 -0.301286
0.059385200 -0.309227
0.059619000 -0.317122
0.059852800 -0.324969
0.060086600 -0.332768
0.060320400 -0.340520
0.060554200 -0.348222
0.060788000 -0.355875
0.061021800 -0.363478
0.061255600 -0.371031
0.061489400 -0.378534
0.061723200 -0.385986
0.061957000 -0.393387
0.062190800 -0.400737
0.062424600 -0.408035
0.062658400 -0.415281
0.062892200 -0.422475
0.063126000 -0.429616
0.063359800 -0.436706
0.063593600 -0.443742
0.063827400 -0.450725
0.064061200 -0.457656
0.064295000 -0.464532
0.064528800 -0.471356
0.064762600 -0.478126
0.064996400 -0.484843
0.065230200 -0.491507
0.065464000 -0.498115
0.065697800 -0.504671
0.065931600 -0.511171
0.066165400 -0.517620
0.066399200 -0.524014
0.066633000 -0.530353
0.066866800 -0.536640
0.067100600 -0.542871
0.067334400 -0.549050
0.067568200 -0.555173
0.067802000 -0.561246
0.068035800 -0.567264
0.068269600 -0.573226
0.068503400 -0.579138
0.068737200 -0.584994
0.068971000 -0.590799
0.069204800 -0.596551
0.069438600 -0.602247
0.069672400 -0.607894
0.069906200 -0.613485
0.070140000 -0.619026
0.070373800 -0.624512
0.070607600 -0.629949
0.070841400 -0.635334
0.071075200 -0.640664
0.071309000 -0.645946
0.071542800 -0.651173
0.071776600 -0.656353
0.072010400 -0.661481
0.072244200 -0.666556
0.072478000 -0.671583
0.072711800 -0.676556
0.072945600 -0.681483
0.073179400 -0.686357
0.073413200 -0.691185
0.073647000 -0.695964
0.073880800 -0.700690
0.074114600 -0.705371
0.074348400 -0.710000
0.074582200 -0.714584
0.074816000 -0.719120
0.075049800 -0.723605
0.075283600 -0.728046
0.075517400 -0.732437
0.075751200 -0.736784
0.075985000 -0.741085
0.076218800 -0.745336
0.076452600 -0.749545
0.076686400 -0.753704
0.076920200 -0.757821
0.077154000 -0.761890
0.077387800 -0.765917
0.077621600 -0.769900
0.077855400 -0.773836
0.078089200 -0.777730
0.078323000 -0.781578
0.078556800 -0.785385
0.078790600 -0.789150
0.079024400 -0.792868
0.079258200 -0.796547
0.079492000 -0.800181
0.079725800 -0.803776
0.079959600 -0.807327
0.080193400 -0.810838
0.080427200 -0.814309
0.080661000 -0.817737
0.080894800 -0.821127
0.081128600 -0.824473
0.081362400 -0.827783
0.081596200 -0.831053
0.081830000 -0.834281
0.082063800 -0.837473
0.082297600 -0.840623
0.082531400 -0.843737
0.082765200 -0.846811
0.082999000 -0.849849
0.083232800 -0.852849
0.083466600 -0.855810
0.083700400 -0.858736
0.083934200 -0.861623
0.084168000 -0.864475
0.084401800 -0.867292
0.084635600 -0.870069
0.084869400 -0.872814
0.085103200 -0.875520
0.085337000 -0.878194
0.085570800 -0.880830
0.085804600 -0.883434
0.086038400 -0.886003
0.086272200 -0.888535
0.086506000 -0.891036
0.086739800 -0.893501
0.086973600 -0.895934
0.087207400 -0.898335
0.087441200 -0.900699
0.087675000 -0.903033
0.087908800 -0.905333
0.088142600 -0.907602
0.088376400 -0.909839
0.088610200 -0.912042
0.088844000 -0.914215
0.089077800 -0.916354
0.089311600 -0.918465
0.089545400 -0.920542
0.089779200 -0.922590
0.090013000 -0.924608
0.090246800 -0.926593
0.090480600 -0.928550
0.090714400 -0.930475
0.090948200 -0.932371
0.091182000 -0.934238
0.091415800 -0.936074
0.091649600 -0.937882
0.091883400 -0.939660
0.092117200 -0.941409
0.092351000 -0.943129
0.092584800 -0.944822
0.092818600 -0.946486
0.093052400 -0.948120
0.093286200 -0.949728
0.093520000 -0.951306
0.093753800 -0.952858
0.093987600 -0.954383
0.094221400 -0.955879
0.094455200 -0.957348
0.094689000 -0.958789
0.094922800 -0.960205
0.095156600 -0.961592
0.095390400 -0.962954
0.095624200 -0.964290
0.095858000 -0.965598
0.096091800 -0.966880
0.096325600 -0.968136
0.096559400 -0.969366
0.096793200 -0.970571
0.097027000 -0.971749
0.097260800 -0.972902
0.097494600 -0.974029
0.097728400 -0.975131
0.097962200 -0.976208
0.098196000 -0.977260
0.098429800 -0.978286
0.098663600 -0.979287
0.098897400 -0.980265
0.099131200 -0.981216
0.099365000 -0.982144
0.099598800 -0.983048
0.099832600 -0.983926
0.100066400 -0.984780
0.100300200 -0.985610
0.100534000 -0.986416
0.100767800 -0.987199
0.101001600 -0.987956
0.101235400 -0.988691
0.101469200 -0.989401
0.101703000 -0.990088
0.101936800 -0.990751
0.102170600 -0.991391
0.102404400 -0.992007
0.102638200 -0.992600
0.102872000 -0.993169
0.103105800 -0.993715
0.103339600 -0.994239
0.103573400 -0.994739
0.103807200 -0.995216
0.104041000 -0.995670
0.104274800 -0.996101
0.104508600 -0.996509
0.104742400 -0.996894
0.104976200 -0.997257
0.105210000 -0.997597
0.105443800 -0.997914
0.105677600 -0.998209
0.105911400 -0.998481
0.106145200 -0.998731
0.106379000 -0.998958
0.106612800 -0.999162
0.106846600 -0.999345
0.107080400 -0.999505
0.107314200 -0.999642
0.107548000 -0.999757
0.107781800 -0.999850
0.108015600 -0.999921
0.108249400 -0.999970
0.108483200 -0.999996
0.108717000 -1.000000
0.108950800 -0.999982
0.109184600 -0.999942
0.109418400 -0.999879
0.109652200 -0.999795
0.109886000 -0.999688
0.110119800 -0.999560
0.110353600 -0.999409
0.110587400 -0.999237
0.110821200 -0.999042
0.111055000 -0.998825
0.111288800 -0.998586
0.111522600 -0.998325
0.111756400 -0.998042
0.111990200 -0.997737
0.112224000 -0.997410
0.112457800 -0.997061
0.112691600 -0.996690
0.112925400 -0.996297
0.113159200 -0.995881
0.113393000 -0.995444
0.113626800 -0.994984
0.113860600 -0.994503
0.114094400 -0.993999
0.114328200 -0.993473
0.114562000 -0.992925
0.114795800 -0.992354
0.115029600 -0.991762
0.115263400 -0.991147
0.115497200 -0.990510
0.115731000 -0.989851
0.115964800 -0.989169
0.116198600 -0.988465
0.116432400 -0.987739
0.116666200 -0.986990
0.116900000 -0.986219
0.117133800 -0.985425
0.117367600 -0.984609
0.117601400 -0.983770
0.117835200 -0.982909
0.118069000 -0.982025
0.118302800 -0.981118
0.118536600 -0.980188
0.118770600 -0.979236
0.119004600 -0.978262
0.119237600 -0.977264
0.119471600 -0.976243
0.119705600 -0.975199
0.119939600 -0.974133
0.120173600 -0.973043
0.120406600 -0.971930
0.120640600 -0.970795
0.120874600 -0.969636
0.121108600 -0.968454
0.121342600 -0.967248
0.121575600 -0.966019
0.121809600 -0.964767
0.122043600 -0.963491
0.122277600 -0.962192
0.122511600 -0.960869
0.122744600 -0.959522
0.122978600 -0.958152
0.123212600 -0.956758
0.123446600 -0.955341
0.123680600 -0.953899
0.123913600 -0.952434
0.124147600 -0.950944
0.124381600 -0.949430
0.124615600 -0.947893
0.124849600 -0.946330
0.125082600 -0.944745
0.125316600 -0.943134
0.125550600 -0.941499
0.125784600 -0.939840
0.126018600 -0.938155
0.126251600 -0.936448
0.126485600 -0.934714
0.126719600 -0.932957
0.126953600 -0.931174
0.127187600 -0.929367
0.127420600 -0.927535
0.127654600 -0.925678
0.127888600 -0.923796
0.128122600 -0.921888
0.128356600 -0.919956
0.128589600 -0.917999
0.128823600 -0.916016
0.129057600 -0.914008
0.129291600 -0.911975
0.129525600 -0.909917
0.129758600 -0.907832
0.129992600 -0.905722
0.130226600 -0.903587
0.130460600 -0.901426
0.130694600 -0.899240
0.130927600 -0.897027
0.131161600 -0.894789
0.131395600 -0.892526
0.131629600 -0.890235
0.131863600 -0.887921
0.132096600 -0.885579
0.132330600 -0.883211
0.132564600 -0.880818
0.132798600 -0.878398
0.133032600 -0.875953
0.133265600 -0.873481
0.133499600 -0.870984
0.133733600 -0.868460
0.133967600 -0.865910
0.134201600 -0.863335
0.134434600 -0.860732
0.134668600 -0.858104
0.134902600 -0.855449
0.135136600 -0.852768
0.135370600 -0.850062
0.135603600 -0.847329
0.135837600 -0.844570
0.136071600 -0.841784
0.136305600 -0.838973
0.136539600 -0.836135
0.136772600 -0.833271
0.137006600 -0.830382
0.137240600 -0.827466
0.137474600 -0.824525
0.137708600 -0.821558
0.137941600 -0.818564
0.138175600 -0.815545
0.138409600 -0.812500
0.138643600 -0.809430
0.138877600 -0.806334
0.139110600 -0.803212
0.139344600 -0.800065
0.139578600 -0.796892
0.139812600 -0.793695
0.140046600 -0.790472
0.140279600 -0.787224
0.140513600 -0.783952
0.140747600 -0.780654
0.140981600 -0.777332
0.141215600 -0.773985
0.141448600 -0.770615
0.141682600 -0.767220
0.141916600 -0.763800
0.142150600 -0.760357
0.142384600 -0.756891
0.142617600 -0.753400
0.142851600 -0.749886
0.143085600 -0.746350
0.143319600 -0.742790
0.143553600 -0.739208
0.143786600 -0.735603
0.144020600 -0.731976
0.144254600 -0.728326
0.144488600 -0.724655
0.144722600 -0.720963
0.144955600 -0.717249
0.145189600 -0.713515
0.145423600 -0.709759
0.145657600 -0.705984
0.145891600 -0.702187
0.146124600 -0.698372
0.146358600 -0.694537
0.146592600 -0.690682
0.146826600 -0.686810
0.147060600 -0.682917
0.147293600 -0.679008
0.147527600 -0.675081
0.147761600 -0.671136
0.147995600 -0.667174
0.148229600 -0.663195
0.148462600 -0.659201
0.148696600 -0.655190
0.148930600 -0.651165
0.149164600 -0.647124
0.149398600 -0.643068
0.149631600 -0.638999
0.149865600 -0.634915
0.150099600 -0.630819
0.150333600 -0.626711
0.150567600 -0.622588
0.150800600 -0.618456
0.151034600 -0.614310
0.151268600 -0.610155
0.151502600 -0.605988
0.151736600 -0.601814
0.151969600 -0.597630
0.152203600 -0.593435
0.152437600 -0.589234
0.152671600 -0.585023
0.152905600 -0.580807
0.153138600 -0.576585
0.153372600 -0.572354
0.153606600 -0.568120
0.153840600 -0.563879
0.154074600 -0.559636
0.154307600 -0.555386
0.154541600 -0.551135
0.154775600 -0.546882
0.155009600 -0.542625
0.155243600 -0.538368
0.155476600 -0.534108
0.155710600 -0.529850
0.155944600 -0.525592
0.156178600 -0.521333
0.156412600 -0.517077
0.156645600 -0.512821
0.156879600 -0.508571
0.157113600 -0.504323
0.157347600 -0.500077
0.157581600 -0.495838
0.157814600 -0.491601
0.158048600 -0.487372
0.158282600 -0.483147
0.158516600 -0.478932
0.158750600 -0.474724
0.158983600 -0.470521
0.159217600 -0.466329
0.159451600 -0.462144
0.159685600 -0.457972
0.159919600 -0.453809
0.160152600 -0.449655
0.160386600 -0.445515
0.160620600 -0.441384
0.160854600 -0.437269
0.161088600 -0.433164
0.161321600 -0.429075
0.161555600 -0.425000
0.161789600 -0.420938
0.162023600 -0.416893
0.162257600 -0.412862
0.162490600 -0.408849
0.162724600 -0.404853
0.162958600 -0.400872
0.163192600 -0.396911
0.163426600 -0.392966
0.163659600 -0.389042
0.163893600 -0.385134
0.164127600 -0.381249
0.164361600 -0.377383
0.164595600 -0.373536
0.164828600 -0.369712
0.165062600 -0.365907
0.165296600 -0.362126
0.165530600 -0.358366
0.165764600 -0.354628
0.165997600 -0.350913
0.166231600 -0.347221
0.166465600 -0.343553
0.166699600 -0.339909
0.166933600 -0.336288
0.167166600 -0.332692
0.167400600 -0.329120
0.167634600 -0.325574
0.167868600 -0.322053
0.168102600 -0.318558
0.168335600 -0.315088
0.168569600 -0.311644
0.168803600 -0.308227
0.169037600 -0.304836
0.169271600 -0.301471
0.169504600 -0.298134
0.169738600 -0.294823
0.169972600 -0.291540
0.170206600 -0.288284
0.170440600 -0.285055
0.170673600 -0.281855
0.170907600 -0.278681
0.171141600 -0.275536
0.171375600 -0.272419
0.171609600 -0.269329
0.171842600 -0.266268
0.172076600 -0.263234
0.172310600 -0.260229
0.172544600 -0.257252
0.172778600 -0.254303
0.173011600 -0.251384
0.173245600 -0.248491
0.173479600 -0.245628
0.173713600 -0.242793
0.173947600 -0.239985
0.174180600 -0.237207
0.174414600 -0.234456
0.174648600 -0.231734
0.174882600 -0.229039
0.175116600 -0.226372
0.175349600 -0.223735
0.175583600 -0.221124
0.175817600 -0.218542
0.176051600 -0.215987
0.176285600 -0.213461
0.176518600 -0.210961
0.176752600 -0.208488
0.176986600 -0.206044
0.177220600 -0.203626
0.177454600 -0.201236
0.177687600 -0.198872
0.177921600 -0.196534
0.178155600 -0.194225
0.178389600 -0.191940
0.178623600 -0.189684
0.178856600 -0.187451
0.179090600 -0.185245
0.179324600 -0.183067
0.179558600 -0.180912
0.179792600 -0.178784
0.180025600 -0.176680
0.180259600 -0.174603
0.180493600 -0.172549
0.180727600 -0.170519
0.180961600 -0.168516
0.181194600 -0.166535
0.181428600 -0.164580
0.181662600 -0.162647
0.181896600 -0.160738
0.182130600 -0.158854
0.182363600 -0.156991
0.182597600 -0.155153
0.182831600 -0.153337
0.183065600 -0.151544
0.183299600 -0.149772
0.183532600 -0.148022
0.183766600 -0.146296
0.184000600 -0.144590
0.184234600 -0.142907
0.184468600 -0.141244
0.184701600 -0.139601
0.184935600 -0.137981
0.185169600 -0.136380
0.185403600 -0.134801
0.185637600 -0.133241
0.185870600 -0.131702
0.186104600 -0.130180
0.186338600 -0.128679
0.186572600 -0.127198
0.186806600 -0.125734
0.187039600 -0.124292
0.187273600 -0.122865
0.187507600 -0.121457
0.187741600 -0.120069
0.187975600 -0.118697
0.188208600 -0.117345
0.188442600 -0.116008
0.188676600 -0.114691
0.188910600 -0.113388
0.189144600 -0.112102
0.189377600 -0.110835
0.189611600 -0.109582
0.189845600 -0.108347
0.190079600 -0.107127
0.190313600 -0.105922
0.190546600 -0.104734
0.190780600 -0.103560
0.191014600 -0.102403
0.191248600 -0.101259
0.191482600 -0.100130
0.191715600 -0.099017
0.191949600 -0.097917
0.192183600 -0.096833
0.192417600 -0.095761
0.192651600 -0.094704
0.192884600 -0.093659
0.193118600 -0.092628
0.193352600 -0.091612
0.193586600 -0.090607
0.193820600 -0.089616
0.194053600 -0.088637
0.194287600 -0.087670
0.194521600 -0.086717
0.194755600 -0.085775
0.194989600 -0.084846
0.195222600 -0.083928
0.195456600 -0.083022
0.195690600 -0.082127
0.195924600 -0.081243
0.196158600 -0.080372
0.196391600 -0.079510
0.196625600 -0.078661
0.196859600 -0.077821
0.197093600 -0.076992
0.197327600 -0.076174
0.197560600 -0.075365
0.197794600 -0.074568
0.198028600 -0.073779
0.198262600 -0.073002
0.198496600 -0.072233
0.198729600 -0.071473
0.198963600 -0.070724
0.199197600 -0.069983
0.199431600 -0.069253
0.199665600 -0.068530
0.199898600 -0.067817
0.200132600 -0.067113
0.200366600 -0.066417
0.200600600 -0.065730
0.200834600 -0.065051
0.201067600 -0.064380
0.201301600 -0.063718
0.201535600 -0.063064
0.201769600 -0.062418
0.202003600 -0.061779
0.202236600 -0.061149
0.202470600 -0.060525
0.202704600 -0.059909
0.202938600 -0.059301
0.203172600 -0.058700
0.203405600 -0.058106
0.203639600 -0.057519
0.203873600 -0.056939
0.204107600 -0.056367
0.204341600 -0.055800
0.204574600 -0.055241
0.204808600 -0.054688
0.205042600 -0.054142
0.205276600 -0.053602
0.205510600 -0.053068
0.205743600 -0.052541
0.205977600 -0.052020
0.206211600 -0.051505
0.206445600 -0.050995
0.206679600 -0.050492
0.206912600 -0.049995
0.207146600 -0.049502
0.207380600 -0.049017
0.207614600 -0.048536
0.207848600 -0.048061
0.208081600 -0.047591
0.208315600 -0.047127
0.208549600 -0.046668
0.208783600 -0.046214
0.209017600 -0.045765
0.209250600 -0.045322
0.209484600 -0.044883
0.209718600 -0.044449
0.209952600 -0.044020
0.210186600 -0.043596
0.210419600 -0.043177
0.210653600 -0.042762
0.210887600 -0.042352
0.211121600 -0.041946
0.211355600 -0.041545
0.211588600 -0.041148
0.211822600 -0.040756
0.212056600 -0.040368
0.212290600 -0.039984
0.212524600 -0.039604
0.212757600 -0.039229
0.212991600 -0.038858
0.213225600 -0.038490
0.213459600 -0.038126
0.213693600 -0.037767
0.213926600 -0.037411
0.214160600 -0.037059
0.214394600 -0.036711
0.214628600 -0.036367
0.214862600 -0.036026
0.215095600 -0.035689
0.215329600 -0.035355
0.215563600 -0.035025
0.215797600 -0.034699
0.216031600 -0.034376
0.216264600 -0.034056
0.216498600 -0.033740
0.216732600 -0.033427
0.216966600 -0.033117
0.217200600 -0.032810
0.217433600 -0.032507
0.217667600 -0.032207
0.217901600 -0.031910
0.218135600 -0.031616
0.218369600 -0.031324
0.218602600 -0.031037
0.218836600 -0.030751
0.219070600 -0.030469
0.219304600 -0.030190
0.219538600 -0.029914
0.219771600 -0.029640
0.220005600 -0.029369
0.220239600 -0.029101
0.220473600 -0.028836
0.220707600 -0.028573
0.220940600 -0.028313
0.221174600 -0.028055
0.221408600 -0.027801
0.221642600 -0.027548
0.221876600 -0.027298
0.222109600 -0.027051
0.222343600 -0.026806
0.222577600 -0.026564
0.222811600 -0.026324
0.223045600 -0.026086
0.223278600 -0.025851
0.223512600 -0.025618
0.223746600 -0.025388
0.223980600 -0.025159
0.224214600 -0.024933
0.224447600 -0.024709
0.224681600 -0.024487
0.224915600 -0.024268
0.225149600 -0.024050
0.225383600 -0.023835
0.225616600 -0.023622
0.225850600 -0.023410
0.226084600 -0.023201
0.226318600 -0.022994
0.226552600 -0.022789
0.226785600 -0.022586
0.227019600 -0.022385
0.227253600 -0.022186
0.227487600 -0.021988
0.227721600 -0.021793
0.227954600 -0.021599
0.228188600 -0.021408
0.228422600 -0.021218
0.228656600 -0.021029
0.228890600 -0.020843
0.229123600 -0.020659
0.229357600 -0.020476
0.229591600 -0.020295
0.229825600 -0.020116
0.230059600 -0.019938
0.230292600 -0.019762
0.230526600 -0.019588
0.230760600 -0.019415
0.230994600 -0.019244
0.231228600 -0.019074
0.231461600 -0.018906
0.231695600 -0.018740
0.231929600 -0.018575
0.232163600 -0.018412
0.232397600 -0.018250
0.232630600 -0.018090
0.232864600 -0.017931
0.233098600 -0.017774
0.233332600 -0.017618
0.233566600 -0.017464
0.233799600 -0.017311
0.234033600 -0.017160
0.234267600 -0.017009
0.234501600 -0.016861
0.234735600 -0.016713
0.234968600 -0.016567
0.235202600 -0.016423
0.235436600 -0.016279
0.235670600 -0.016137
0.235904600 -0.015996
0.236137600 -0.015857
0.236371600 -0.015719
0.236605600 -0.015582
0.236839600 -0.015446
0.237073600 -0.015312
0.237306600 -0.015179
0.237540600 -0.015047
0.237774600 -0.014916
0.238008600 -0.014786
0.238242600 -0.014658
0.238475600 -0.014530
0.238709600 -0.014404
0.238943600 -0.014279
0.239177600 -0.014155
0.239411600 -0.014033
0.239644600 -0.013911
0.239878600 -0.013790
0.240112600 -0.013671
0.240346600 -0.013552
0.240580600 -0.013435
0.240813600 -0.013319
0.241047600 -0.013204
0.241281600 -0.013089
0.241515600 -0.012976
0.241749600 -0.012864
0.241982600 -0.012753
0.242216600 -0.012643
0.242450600 -0.012533
0.242684600 -0.012425
0.242918600 -0.012318
0.243151600 -0.012212
0.243385600 -0.012106
0.243619600 -0.012002
0.243853600 -0.011898
0.244087600 -0.011796
0.244320600 -0.011694
0.244554600 -0.011593
0.244788600 -0.011493
0.245022600 -0.011394
0.245256600 -0.011296
0.245489600 -0.011199
0.245723600 -0.011103
0.245957600 -0.011007
0.246191600 -0.010912
0.246425600 -0.010818
0.246658600 -0.010725
0.246892600 -0.010633
0.247126600 -0.010542
0.247360600 -0.010451
0.247594600 -0.010361
0.247827600 -0.010272
0.248061600 -0.010184
0.248295600 -0.010096
0.248529600 -0.010010
0.248763600 -0.009924
0.248996600 -0.009839
0.249230600 -0.009754
0.249464600 -0.009670
0.249698600 -0.009587
0.249932600 -0.009505
0.250165600 -0.009424
0.250399600 -0.009343
0.250633600 -0.009262
0.250867600 -0.009183
0.251101600 -0.009104
0.251334600 -0.009026
0.251568600 -0.008949
0.251802600 -0.008872
0.252036600 -0.008796
0.252270600 -0.008721
0.252503600 -0.008646
0.252737600 -0.008572
0.252971600 -0.008499
0.253205600 -0.008426
0.253439600 -0.008354
0.253672600 -0.008282
0.253906600 -0.008211
0.254140600 -0.008141
0.254374600 -0.008071
0.254608600 -0.008002
0.254841600 -0.007934
0.255075600 -0.007866
0.255309600 -0.007798
0.255543600 -0.007732
0.255777600 -0.007665
0.256010600 -0.007600
0.256244600 -0.007535
0.256478600 -0.007470
0.256712600 -0.007406
0.256946600 -0.007343
0.257179600 -0.007280
0.257413600 -0.007218
0.257647600 -0.007156
0.257881600 -0.007095
0.258115600 -0.007034
0.258348600 -0.006974
0.258582600 -0.006915
0.258816600 -0.006855
0.259050600 -0.006797
0.259284600 -0.006739
0.259517600 -0.006681
0.259751600 -0.006624
0.259985600 -0.006567
0.260219600 -0.006511
0.260453600 -0.006455
0.260686600 -0.006400
0.260920600 -0.006345
0.261154600 -0.006291
0.261388600 -0.006237
0.261622600 -0.006184
0.261855600 -0.006131
0.262089600 -0.006079
0.262323600 -0.006027
0.262557600 -0.005975
0.262791600 -0.005924
0.263024600 -0.005874
0.263258600 -0.005823
0.263492600 -0.005774
0.263726600 -0.005724
0.263960600 -0.005675
0.264193600 -0.005627
0.264427600 -0.005579
0.264661600 -0.005531
0.264895600 -0.005484
0.265129600 -0.005437
0.265362600 -0.005390
0.265596600 -0.005344
0.265830600 -0.005298
0.266064600 -0.005253
0.266298600 -0.005208
0.266531600 -0.005163
0.266765600 -0.005119
0.266999600 -0.005076
0.267233600 -0.005032
0.267467600 -0.004989
0.267700600 -0.004946
0.267934600 -0.004904
0.268168600 -0.004862
0.268402600 -0.004820
0.268636600 -0.004779
0.268869600 -0.004738
0.269103600 -0.004698
0.269337600 -0.004657
0.269571600 -0.004617
0.269805600 -0.004578
0.270038600 -0.004539
0.270272600 -0.004500
0.270506600 -0.004461
0.270740600 -0.004423
0.270974600 -0.004385
0.271207600 -0.004348
0.271441600 -0.004310
0.271675600 -0.004273
0.271909600 -0.004237
0.272143600 -0.004200
0.272376600 -0.004164
0.272610600 -0.004128
0.272844600 -0.004093
0.273078600 -0.004058
0.273312600 -0.004023
0.273545600 -0.003989
0.273779600 -0.003954
0.274013600 -0.003920
0.274247600 -0.003887
0.274481600 -0.003853
0.274714600 -0.003820
0.274948600 -0.003787
0.275182600 -0.003755
0.275416600 -0.003722
0.275650600 -0.003690
0.275883600 -0.003659
0.276117600 -0.003627
0.276351600 -0.003596
0.276585600 -0.003565
0.276819600 -0.003534
0.277052600 -0.003504
0.277286600 -0.003474
0.277520600 -0.003444
0.277754600 -0.003414
0.277988600 -0.003385
0.278221600 -0.003355
0.278455600 -0.003327
0.278689600 -0.003298
0.278923600 -0.003269
0.279157600 -0.003241
0.279390600 -0.003213
0.279624600 -0.003185
0.279858600 -0.003158
0.280092600 -0.003131
0.280326600 -0.003104
0.280559600 -0.003077
0.280793600 -0.003050
0.281027600 -0.003024
0.281261600 -0.002997
0.281495600 -0.002971
0.281728600 -0.002946
0.281962600 -0.002920
0.282196600 -0.002895
0.282430600 -0.002870
0.282664600 -0.002845
0.282897600 -0.002820
0.283131600 -0.002796
0.283365600 -0.002771
0.283599600 -0.002747
0.283833600 -0.002723
0.284066600 -0.002700
0.284300600 -0.002676
0.284534600 -0.002653
0.284768600 -0.002630
0.285002600 -0.002607
0.285235600 -0.002584
0.285469600 -0.002562
0.285703600 -0.002539
0.285937600 -0.002517
0.286171600 -0.002495
0.286404600 -0.002473
0.286638600 -0.002452
0.286872600 -0.002430
0.287106600 -0.002409
0.287340600 -0.002388
0.287573600 -0.002367
0.287807600 -0.002346
0.288041600 -0.002325
0.288275600 -0.002305
0.288509600 -0.002285
0.288742600 -0.002265
0.288976600 -0.002245
0.289210600 -0.002225
0.289444600 -0.002205
0.289678600 -0.002186
0.289911600 -0.002167
0.290145600 -0.002148
0.290379600 -0.002129
0.290613600 -0.002110
0.290847600 -0.002091
0.291080600 -0.002073
0.291314600 -0.002054
0.291548600 -0.002036
0.291782600 -0.002018
0.292016600 -0.002000
0.292249600 -0.001982
0.292483600 -0.001965
0.292717600 -0.001947
0.292951600 -0.001930
0.293185600 -0.001912
0.293418600 -0.001895
0.293652600 -0.001878
0.293886600 -0.001862
0.294120600 -0.001845
0.294354600 -0.001828
0.294587600 -0.001812
0.294821600 -0.001796
0.295055600 -0.001780
0.295289600 -0.001764
0.295523600 -0.001748
0.295756600 -0.001732
0.295990600 -0.001716
0.296224600 -0.001701
0.296458600 -0.001685
0.296692600 -0.001670
0.296925600 -0.001655
0.297159600 -0.001640
0.297393600 -0.001625
0.297627600 -0.001610
0.297861600 -0.001596
0.298094600 -0.001581
0.298328600 -0.001567
0.298562600 -0.001552
0.298796600 -0.001538
0.299030600 -0.001524
0.299263600 -0.001510
0.299497600 -0.001496
0.299731600 -0.001482
0.299965600 -0.001468
0.300199600 -0.001455
0.300432600 -0.001441
0.300666600 -0.001428
0.300900600 -0.001415
0.301134600 -0.001402
0.301368600 -0.001389
0.301601600 -0.001376
0.301835600 -0.001363
0.302069600 -0.001350
0.302303600 -0.001337
0.302537600 -0.001325
0.302770600 -0.001312
0.303004600 -0.001300
0.303238600 -0.001288
0.303472600 -0.001276
0.303706600 -0.001263
0.303939600 -0.001251
0.304173600 -0.001240
0.304407600 -0.001228
0.304641600 -0.001216
0.304875600 -0.001204
0.305108600 -0.001193
0.305342600 -0.001181
0.305576600 -0.001170
0.305810600 -0.001159
0.306044600 -0.001147
0.306277600 -0.001136
0.306511600 -0.001125
0.306745600 -0.001114
0.306979600 -0.001103
0.307213600 -0.001092
0.307446600 -0.001082
0.307680600 -0.001071
0.307914600 -0.001061
0.308148600 -0.001050
0.308382600 -0.001040
0.308615600 -0.001029
0.308849600 -0.001019
0.309083600 -0.001009
0.309317600 -0.000999
0.309551600 -0.000989
0.309784600 -0.000979
0.310018600 -0.000969
0.310252600 -0.000959
0.310486600 -0.000949
0.310720600 -0.000939
0.310953600 -0.000930
0.311187600 -0.000920
0.311421600 -0.000911
0.311655600 -0.000901
0.311889600 -0.000892
0.312122600 -0.000882
0.312356600 -0.000873
0.312590600 -0.000864
0.312824600 -0.000855
0.313058600 -0.000846
0.313291600 -0.000837
0.313525600 -0.000828
0.313759600 -0.000819
0.313993600 -0.000810
0.314227600 -0.000801
0.314460600 -0.000793
0.314694600 -0.000784
0.314928600 -0.000775
0.315162600 -0.000767
0.315396600 -0.000758
0.315629600 -0.000750
0.315863600 -0.000742
0.316097600 -0.000733
0.316331600 -0.000725
0.316565600 -0.000717
0.316798600 -0.000709
0.317032600 -0.000701
0.317266600 -0.000692
0.317500600 -0.000684
0.317734600 -0.000677
0.317967600 -0.000669
0.318201600 -0.000661
